# timestamp x y z qx qy qz qw
4158172.382586 0.000000 0.000000 0.000000 0.000000 0.000000 0.000000 1.000000
4158172.482482 0.004665 -0.017534 0.008675 0.000331 -0.000073 -0.000467 1.000000
4158172.582468 0.003860 -0.025906 0.012223 0.001317 0.001182 0.001687 0.999997
4158172.682581 0.010452 0.005011 -0.000009 -0.002279 0.000731 -0.000645 0.999997
4158172.782009 0.014279 -0.004427 0.005783 -0.001060 0.000532 0.000996 0.999999
4158172.882565 0.004667 -0.016213 0.003829 0.001031 0.001471 0.001125 0.999998
4158172.982567 0.002670 -0.019626 0.008390 0.000953 0.003657 0.001058 0.999992
4158173.082756 0.010661 -0.008172 0.011558 -0.000939 0.003706 0.000299 0.999993
4158173.182595 0.013129 -0.013035 0.004555 -0.001255 0.000598 0.000524 0.999999
4158173.282558 0.004465 -0.016850 -0.006623 -0.001769 -0.002885 0.000557 0.999994
4158173.382687 0.002909 -0.011449 -0.005207 -0.001006 -0.001748 0.000783 0.999998
4158173.482466 0.002476 -0.008858 -0.001281 -0.001811 0.000152 0.000095 0.999998
4158173.580557 0.006576 -0.012571 -0.003908 -0.000742 0.000229 0.000290 1.000000
4158173.682479 0.011654 -0.014750 -0.006551 -0.000666 -0.001520 0.000610 0.999998
4158173.781569 0.008166 -0.020606 -0.003011 0.000368 -0.002407 0.000943 0.999997
4158173.882488 0.006055 -0.021575 0.001627 0.001590 -0.001531 0.000730 0.999997
4158173.982599 0.002815 -0.013615 -0.000563 -0.000129 0.000987 -0.000134 0.999999
4158174.082342 0.002173 -0.003518 -0.007508 -0.002953 0.000300 -0.000037 0.999996
4158174.182437 0.003145 0.003309 -0.003285 -0.004400 -0.000937 0.000274 0.999990
4158174.282496 0.004486 0.000708 -0.001711 -0.004960 0.000569 0.003442 0.999982
4158174.382430 0.016677 0.007038 0.000059 -0.015465 0.008729 0.017261 0.999693
4158174.483168 0.032376 0.032441 -0.002886 -0.019808 0.012565 0.021944 0.999484
4158174.582412 0.044814 0.036675 -0.011429 -0.015239 0.009652 -0.002503 0.999834
4158174.682562 0.065548 0.002702 -0.002908 -0.004061 0.008846 -0.041181 0.999104
4158174.782583 0.087987 -0.004955 0.006871 -0.002475 0.016204 -0.056721 0.998256
4158174.882499 0.135469 0.011716 0.001025 -0.000604 0.016395 -0.050517 0.998588
4158174.982581 0.174332 0.026918 -0.010564 -0.001840 0.021019 -0.013820 0.999682
4158175.082451 0.198351 0.029346 -0.014657 -0.010362 0.027196 0.032672 0.999042
4158175.182548 0.217527 0.025249 -0.011954 -0.017279 0.025493 0.063186 0.997526
4158175.282479 0.234755 0.041107 0.018373 -0.015223 0.013041 0.050330 0.998531
4158175.382418 0.249524 0.058605 0.011829 -0.019423 -0.002965 0.007672 0.999778
4158175.482363 0.273100 0.065407 0.009032 -0.021188 0.006700 -0.047623 0.998618
4158175.582500 0.299888 0.025639 0.030309 -0.006728 0.028427 -0.078563 0.996481
4158175.682431 0.319642 -0.045053 0.026725 0.004506 0.020249 -0.074541 0.997002
4158175.782514 0.357131 -0.047588 -0.008599 0.002156 0.005075 -0.040405 0.999168
4158175.882530 0.406704 -0.021848 -0.003546 -0.012012 0.008004 0.015554 0.999775
4158175.982399 0.442862 0.031337 -0.007837 -0.023042 0.020987 0.067741 0.997216
4158176.082533 0.474205 0.055452 -0.006317 -0.036128 0.030117 0.092434 0.994607
4158176.182418 0.494679 0.073543 0.004748 -0.038374 0.024134 0.083973 0.995436
4158176.282544 0.501153 0.059588 0.035203 -0.025409 0.003468 0.053508 0.998238
4158176.382449 0.516266 0.066325 0.009953 -0.011635 -0.011888 0.023449 0.999587
4158176.482574 0.553853 0.045816 -0.038917 -0.007087 -0.008470 0.023902 0.999653
4158176.582433 0.603981 0.024593 -0.028784 -0.013183 0.001193 0.052127 0.998553
4158176.682510 0.649060 0.054599 -0.008415 -0.022581 0.015345 0.097686 0.994843
4158176.782390 0.671150 0.103819 0.005473 -0.036942 0.031944 0.163753 0.985292
4158176.882517 0.667556 0.121920 -0.007320 -0.053038 0.031796 0.228336 0.971617
4158176.982348 0.674399 0.129157 -0.009421 -0.052256 0.011253 0.257584 0.964776
4158177.083717 0.697760 0.106754 0.037775 -0.036540 -0.003838 0.254718 0.966317
4158177.182472 0.723391 0.098212 0.067242 -0.018945 0.002464 0.236550 0.971431
4158177.282476 0.785297 0.092725 0.034163 -0.009559 0.015311 0.229687 0.973097
4158177.382373 0.817897 0.144318 -0.011718 -0.020191 0.017534 0.249150 0.968096
4158177.482478 0.845451 0.188520 -0.009888 -0.044155 0.017370 0.303301 0.951713
4158177.582520 0.862274 0.212115 0.009571 -0.061675 0.023348 0.379997 0.922634
4158177.682375 0.859960 0.240131 0.013568 -0.069933 0.020000 0.439300 0.895391
4158177.782442 0.858198 0.227509 0.013357 -0.054228 0.000521 0.454478 0.889106
4158177.882392 0.882958 0.251888 0.009624 -0.035929 -0.010879 0.432295 0.900951
4158177.981687 0.913868 0.285794 0.015775 -0.031686 0.000446 0.416640 0.908519
4158178.082442 0.950649 0.313994 0.005524 -0.032616 0.016522 0.432225 0.901024
4158178.182336 0.971548 0.336814 -0.002817 -0.039316 0.017823 0.476471 0.878130
4158178.282345 0.977615 0.375711 -0.005199 -0.055331 0.017294 0.535584 0.842490
4158178.382420 0.959966 0.415874 -0.002080 -0.076882 0.013621 0.595560 0.799507
4158178.482422 0.942007 0.438753 0.013403 -0.077953 0.004524 0.632297 0.770781
4158178.582360 0.934011 0.448613 0.028652 -0.053087 -0.002042 0.638135 0.768090
4158178.682404 0.945013 0.457922 0.022783 -0.034406 0.002853 0.630484 0.775434
4158178.782347 0.974573 0.493487 0.012541 -0.034152 0.013012 0.626110 0.778878
4158178.882369 0.989994 0.546672 0.006937 -0.041019 0.020267 0.635137 0.771044
4158178.982453 1.004478 0.575875 0.006245 -0.048927 0.013178 0.656012 0.753047
4158179.082336 1.001384 0.612217 0.012737 -0.059351 0.013157 0.690165 0.721094
4158179.182311 0.969280 0.658325 0.003565 -0.073109 0.012532 0.724698 0.685063
4158179.281744 0.947917 0.657157 0.008909 -0.062830 0.007245 0.732302 0.678036
4158179.382332 0.953385 0.664088 0.014127 -0.051480 0.004286 0.706444 0.705882
4158179.481918 0.974184 0.688795 0.014327 -0.052406 0.004258 0.675063 0.735884
4158179.582356 0.991659 0.727491 0.024142 -0.056017 0.015301 0.657659 0.751074
4158179.682390 1.005814 0.747580 0.023072 -0.043175 0.017938 0.660178 0.749653
4158179.782330 1.014253 0.754267 0.021892 -0.037165 0.012530 0.671755 0.739734
4158179.882325 1.005555 0.788211 0.024080 -0.050071 0.017630 0.696365 0.715722
4158179.982337 0.982652 0.818546 -0.000073 -0.063087 0.019568 0.719229 0.691626
4158180.082342 0.971432 0.830315 -0.019359 -0.057396 0.003512 0.718024 0.693639
4158180.182282 0.969638 0.852521 -0.004573 -0.049053 -0.006915 0.684364 0.727456
4158180.282306 0.978802 0.880725 0.008105 -0.046859 0.000944 0.645245 0.762537
4158180.382269 0.996916 0.902820 0.014154 -0.046152 0.015722 0.618613 0.784182
4158180.482439 1.021946 0.920378 0.025638 -0.036924 0.020560 0.617817 0.785186
4158180.582448 1.039732 0.934005 0.022367 -0.038210 0.019327 0.630153 0.775290
4158180.682345 1.033057 0.974319 0.000546 -0.052944 0.020768 0.656745 0.751965
4158180.782381 1.016485 1.005074 -0.001549 -0.061784 0.020439 0.680767 0.729603
4158180.882273 0.996838 1.008449 0.004394 -0.067053 0.013582 0.690681 0.719916
4158180.982351 0.989357 1.020166 0.011443 -0.056411 -0.000775 0.677981 0.732912
4158181.082347 0.995550 1.066453 0.021515 -0.047924 0.002738 0.651050 0.757516
4158181.182452 1.014365 1.101857 0.006915 -0.049146 0.007903 0.625580 0.778571
4158181.282341 1.041381 1.119894 0.001289 -0.044923 0.019006 0.611273 0.789915
4158181.382277 1.056217 1.149674 0.013774 -0.037391 0.018927 0.613757 0.788382
4158181.482309 1.061364 1.166714 0.003934 -0.042020 0.017411 0.634261 0.771780
4158181.582265 1.069654 1.180423 -0.013660 -0.054257 0.020153 0.662052 0.747220
4158181.682405 1.057794 1.212146 -0.011179 -0.062794 0.020114 0.680754 0.729538
4158181.782264 1.042227 1.234260 -0.002883 -0.063033 0.008107 0.683689 0.727001
4158181.882287 1.035218 1.256213 0.016149 -0.048405 0.000249 0.662364 0.747617
4158181.982429 1.049585 1.294460 0.016299 -0.049504 0.005279 0.635481 0.770509
4158182.082279 1.069784 1.303540 0.003133 -0.054406 0.010713 0.612745 0.788333
4158182.182348 1.088324 1.317509 -0.002404 -0.046378 0.014785 0.603962 0.795525
4158182.282360 1.103727 1.345334 -0.019255 -0.034355 0.015358 0.609436 0.791942
4158182.382241 1.120210 1.388695 -0.010930 -0.040116 0.019994 0.634668 0.771484
4158182.482414 1.114121 1.419539 -0.016985 -0.053747 0.021514 0.661116 0.748046
4158182.582326 1.094033 1.421382 -0.020975 -0.062206 0.021110 0.680568 0.729735
4158182.682363 1.075951 1.456712 -0.010517 -0.062461 0.013292 0.684422 0.726284
4158182.782239 1.056767 1.489165 0.003565 -0.047996 -0.000968 0.668388 0.742262
4158182.882370 1.071730 1.517245 0.005968 -0.046126 -0.003164 0.636384 0.769986
4158182.982240 1.111358 1.549487 -0.004471 -0.047277 0.010950 0.608423 0.792128
4158183.082355 1.113153 1.570728 -0.018866 -0.043674 0.022590 0.597087 0.800668
4158183.182269 1.126775 1.596880 -0.012240 -0.034541 0.021679 0.601748 0.797644
4158183.282306 1.159037 1.622648 -0.026700 -0.038518 0.012547 0.625637 0.779062
4158183.382276 1.174135 1.662767 -0.026486 -0.054853 0.013762 0.654927 0.753573
4158183.482392 1.136057 1.672237 -0.014861 -0.066356 0.018583 0.680877 0.729149
4158183.582316 1.110717 1.693137 -0.016500 -0.065944 0.014373 0.688139 0.722433
4158183.682240 1.101721 1.728887 -0.023090 -0.054245 0.002116 0.672252 0.738330
4158183.782237 1.106345 1.752820 -0.009689 -0.047354 -0.000451 0.645695 0.762125
4158183.882643 1.147212 1.789057 -0.002054 -0.051458 0.008310 0.609765 0.790866
4158183.982386 1.188849 1.820133 -0.010448 -0.047654 0.020691 0.590657 0.805249
4158184.082263 1.212351 1.820856 -0.027546 -0.032653 0.018931 0.594552 0.803171
4158184.182301 1.230258 1.834331 -0.031429 -0.037430 0.018088 0.620246 0.783305
4158184.282381 1.205559 1.860906 -0.006515 -0.048111 0.022541 0.653723 0.754867
4158184.382372 1.178706 1.909147 -0.010173 -0.065367 0.022386 0.678936 0.730939
4158184.482335 1.174855 1.956495 -0.017111 -0.069740 0.013735 0.686777 0.723384
4158184.582333 1.170608 1.991646 -0.006009 -0.054026 0.003210 0.673585 0.737125
4158184.682311 1.165790 1.994996 -0.020002 -0.043957 -0.000882 0.649073 0.759454
4158184.782289 1.154418 1.998834 -0.017519 -0.049071 0.005569 0.620719 0.782476
4158184.882394 1.197480 2.050651 0.000531 -0.048448 0.019244 0.594646 0.802296
4158184.982213 1.236202 2.098836 -0.014718 -0.037485 0.016072 0.591823 0.805036
4158185.082306 1.276177 2.120169 -0.028925 -0.040305 0.008168 0.607321 0.793391
4158185.182192 1.292499 2.147475 -0.016201 -0.047903 0.017639 0.637140 0.769055
4158185.282348 1.278066 2.181173 -0.022262 -0.058687 0.026862 0.666306 0.742880
4158185.382205 1.234373 2.184053 -0.040706 -0.071843 0.020366 0.687039 0.722774
4158185.482225 1.200467 2.189389 -0.032855 -0.060198 0.006784 0.684147 0.726824
4158185.582235 1.187009 2.234819 -0.010147 -0.043408 -0.003981 0.660573 0.749496
4158185.682315 1.219976 2.281992 -0.007256 -0.042703 0.002753 0.621030 0.782617
4158185.782180 1.273145 2.308562 -0.012579 -0.047919 0.012873 0.589460 0.806272
4158185.882325 1.313594 2.345770 -0.030055 -0.042469 0.020473 0.582137 0.811723
4158185.982234 1.337754 2.357159 -0.008568 -0.033855 0.015722 0.597010 0.801365
4158186.082194 1.343583 2.361073 -0.007997 -0.040383 0.015559 0.634644 0.771592
4158186.182190 1.328583 2.395234 -0.024056 -0.054404 0.019871 0.671971 0.738309
4158186.282296 1.281400 2.444514 -0.060359 -0.067865 0.017345 0.692891 0.717632
4158186.382188 1.253147 2.492017 -0.064842 -0.068142 0.008820 0.687335 0.723083
4158186.482302 1.263976 2.525229 -0.026502 -0.046024 -0.004587 0.658520 0.751141
4158186.582169 1.250680 2.534369 0.005079 -0.031592 -0.002724 0.621119 0.783074
4158186.682153 1.272448 2.557479 -0.013526 -0.041292 0.008803 0.588402 0.807466
4158186.782270 1.350402 2.582693 -0.048220 -0.048856 0.022782 0.575868 0.815764
4158186.882301 1.402440 2.596341 -0.054672 -0.039478 0.019021 0.591364 0.805213
4158186.982268 1.406720 2.642616 -0.034006 -0.035845 0.014939 0.624964 0.779687
4158187.082144 1.372243 2.681668 -0.022432 -0.047447 0.018033 0.661337 0.748370
4158187.182303 1.352121 2.708793 -0.042104 -0.063812 0.022334 0.682297 0.727943
4158187.282164 1.331334 2.737501 -0.054743 -0.070481 0.017554 0.691355 0.718855
4158187.382279 1.324494 2.775045 -0.021990 -0.057225 0.002773 0.674932 0.735653
4158187.482322 1.329787 2.809240 -0.001787 -0.043473 -0.003099 0.638824 0.768117
4158187.582166 1.370073 2.851059 -0.020181 -0.045269 0.007191 0.598581 0.799750
4158187.682313 1.412738 2.872226 -0.041109 -0.050385 0.022255 0.576029 0.815572
4158187.782203 1.446462 2.873983 -0.048221 -0.036398 0.020794 0.577201 0.815525
4158187.882153 1.461290 2.905022 -0.038391 -0.028689 0.016456 0.603971 0.796320
4158187.982172 1.450935 2.941564 -0.028781 -0.044187 0.021962 0.645216 0.762405
4158188.082168 1.433936 2.975420 -0.019114 -0.063308 0.027474 0.676343 0.733346
4158188.182147 1.405565 3.011366 -0.039596 -0.067220 0.023239 0.686287 0.723845
4158188.282288 1.401322 3.061151 -0.053915 -0.057854 0.004686 0.675244 0.735307
4158188.382156 1.412988 3.085321 -0.063309 -0.045490 -0.011732 0.652789 0.756082
4158188.482113 1.422308 3.117552 -0.046075 -0.041320 -0.004566 0.622301 0.781673
4158188.582134 1.444609 3.149073 -0.030818 -0.050244 0.019679 0.589708 0.805812
4158188.682150 1.473081 3.171253 -0.029171 -0.042174 0.032210 0.580738 0.812359
4158188.782092 1.504579 3.182013 -0.025929 -0.028068 0.020981 0.591844 0.805291
4158188.882180 1.542962 3.209674 -0.048512 -0.033209 0.020934 0.618414 0.784871
4158188.982149 1.554217 3.249155 -0.068671 -0.056941 0.020336 0.652275 0.755567
4158189.082303 1.503499 3.274535 -0.071010 -0.068631 0.019970 0.676734 0.732750
4158189.182223 1.450980 3.302981 -0.059675 -0.065066 0.012696 0.680731 0.729527
4158189.282247 1.459243 3.340962 -0.049062 -0.046811 0.003354 0.662543 0.747552
4158189.382148 1.486984 3.394883 -0.044664 -0.041380 0.001459 0.630053 0.775448
4158189.482206 1.515773 3.431342 -0.046038 -0.051346 0.010591 0.597228 0.800356
4158189.582143 1.561447 3.440137 -0.059685 -0.051626 0.023281 0.582034 0.811190
4158189.682248 1.593158 3.448559 -0.056909 -0.034458 0.015375 0.586381 0.809156
4158189.782193 1.611321 3.475906 -0.046720 -0.032799 0.013968 0.609614 0.791896
4158189.882182 1.599228 3.535836 -0.032229 -0.048450 0.024104 0.640898 0.765716
4158189.982111 1.563277 3.569820 -0.048684 -0.063642 0.023333 0.668640 0.740491
4158190.082186 1.537497 3.585445 -0.062988 -0.063949 0.012026 0.677800 0.732361
4158190.182076 1.537468 3.609760 -0.063476 -0.051272 0.001247 0.670784 0.739878
4158190.282192 1.532159 3.657843 -0.060008 -0.042719 -0.000893 0.644728 0.763217
4158190.382178 1.565586 3.696192 -0.047644 -0.049785 0.010042 0.611261 0.789798
4158190.482071 1.610334 3.716206 -0.047063 -0.048174 0.023756 0.585435 0.808938
4158190.582264 1.647016 3.746615 -0.066735 -0.035678 0.019478 0.580692 0.813108
4158190.682169 1.686246 3.791400 -0.048882 -0.028445 0.015917 0.598222 0.800667
4158190.782205 1.689153 3.797930 -0.040870 -0.043600 0.024647 0.630431 0.774628
4158190.882220 1.666905 3.816974 -0.059085 -0.059119 0.029745 0.658161 0.749963
4158190.982174 1.636596 3.850439 -0.049703 -0.059809 0.019142 0.672940 0.737026
4158191.082110 1.608486 3.903086 -0.053949 -0.053290 0.004915 0.679166 0.732031
4158191.182097 1.630310 3.918486 -0.066953 -0.039396 -0.000789 0.667397 0.743659
4158191.282171 1.620993 3.929248 -0.071153 -0.043026 0.000507 0.647891 0.760517
4158191.382211 1.627411 3.973587 -0.076420 -0.047251 0.012906 0.631238 0.774041
4158191.482059 1.675493 4.003850 -0.052516 -0.041935 0.016382 0.633004 0.772838
4158191.582185 1.707648 4.027640 -0.027881 -0.043175 0.018497 0.659523 0.750216
4158191.682127 1.708402 4.066194 -0.024414 -0.053976 0.021307 0.703243 0.708577
4158191.782049 1.686985 4.121619 -0.044047 -0.064593 0.020179 0.740932 0.668161
4158191.882184 1.642449 4.159579 -0.071488 -0.068325 0.007857 0.764479 0.640970
4158191.982074 1.621909 4.169783 -0.092176 -0.055458 -0.010134 0.767555 0.638500
4158192.082050 1.623550 4.199519 -0.062958 -0.047516 -0.009371 0.754641 0.654348
4158192.182206 1.611977 4.227229 -0.028383 -0.050311 0.004494 0.735529 0.675607
4158192.282253 1.614541 4.240432 -0.020331 -0.053106 0.017899 0.717358 0.694447
4158192.382201 1.681261 4.271616 -0.034501 -0.036592 0.027242 0.708430 0.704305
4158192.482145 1.705045 4.317709 -0.089014 -0.024926 0.012528 0.711806 0.701822
4158192.582196 1.689171 4.349744 -0.103583 -0.032507 0.003349 0.735604 0.676623
4158192.682107 1.657748 4.367205 -0.060850 -0.053848 0.016336 0.766213 0.640119
4158192.782023 1.624900 4.410632 -0.034988 -0.059383 0.027879 0.782446 0.619254
4158192.882057 1.598858 4.456483 -0.042546 -0.058295 0.021425 0.784671 0.616793
4158192.982056 1.599609 4.477970 -0.080274 -0.050751 -0.001628 0.773089 0.632262
4158193.082181 1.565859 4.473063 -0.082811 -0.049009 -0.008208 0.750030 0.659534
4158193.182070 1.596912 4.488400 -0.047141 -0.053998 -0.000031 0.725857 0.685723
4158193.282119 1.661417 4.517732 -0.047982 -0.051488 0.022144 0.707734 0.704253
4158193.382108 1.714979 4.565499 -0.058467 -0.042986 0.030668 0.702240 0.709979
4158193.482070 1.692104 4.592670 -0.055426 -0.032388 0.028263 0.721414 0.691169
4158193.581996 1.663399 4.655823 -0.078954 -0.043766 0.010010 0.752316 0.657271
4158193.682161 1.621380 4.699730 -0.080387 -0.055395 0.009371 0.779428 0.623967
4158193.782075 1.601738 4.702520 -0.077571 -0.060983 0.014223 0.788490 0.611851
4158193.882196 1.553918 4.739327 -0.050803 -0.054504 0.010784 0.784407 0.617752
4158193.982090 1.576411 4.742666 -0.063841 -0.056602 0.002829 0.767324 0.638751
4158194.082023 1.610110 4.749367 -0.080051 -0.061899 -0.001543 0.738300 0.671624
4158194.182010 1.592574 4.796656 -0.081587 -0.061582 0.006490 0.706468 0.705031
4158194.282087 1.634733 4.863315 -0.070039 -0.046247 0.022499 0.692503 0.719579
4158194.382049 1.632814 4.924282 -0.063017 -0.033549 0.023621 0.705350 0.707670
4158194.482028 1.649962 4.962627 -0.061749 -0.036432 0.027792 0.729617 0.682319
4158194.582125 1.647671 4.933982 -0.061573 -0.048208 0.026670 0.763751 0.643156
4158194.682172 1.585170 4.922630 -0.050027 -0.061859 0.017553 0.782175 0.619732
4158194.782122 1.571099 4.937894 -0.080653 -0.064867 0.006907 0.778197 0.624623
4158194.882122 1.564690 4.983601 -0.113064 -0.060119 -0.001733 0.753649 0.654520
4158194.982079 1.582914 5.083426 -0.076048 -0.050887 0.007057 0.700528 0.711773
4158195.082150 1.617137 5.163326 -0.072173 -0.045686 0.021718 0.639516 0.767112
4158195.181977 1.690504 5.172839 -0.074938 -0.028060 0.033364 0.608102 0.792661
4158195.282015 1.714633 5.145065 -0.074624 -0.025424 0.026890 0.619137 0.784411
4158195.381981 1.712416 5.158840 -0.086429 -0.043608 0.009888 0.651832 0.757044
4158195.482087 1.688476 5.183998 -0.094824 -0.058840 0.000779 0.684525 0.726610
4158195.582057 1.622991 5.245535 -0.084021 -0.060999 0.006628 0.704738 0.706809
4158195.681961 1.531988 5.292803 -0.097235 -0.058137 0.012825 0.710904 0.700765
4158195.781968 1.560906 5.321174 -0.100048 -0.049547 0.007487 0.695408 0.716866
4158195.882055 1.626345 5.358618 -0.092227 -0.036168 0.003250 0.675312 0.736638
4158195.982125 1.679143 5.393618 -0.082182 -0.028221 -0.000838 0.651522 0.758104
4158196.081976 1.692672 5.441120 -0.072809 -0.027752 0.002606 0.626769 0.778706
4158196.182066 1.716310 5.430904 -0.084631 -0.035409 0.010202 0.605146 0.795261
4158196.282103 1.747197 5.428199 -0.072550 -0.043805 0.016937 0.606727 0.793522
4158196.381955 1.716307 5.543559 -0.095941 -0.054674 0.010815 0.626353 0.777545
4158196.482051 1.712331 5.586065 -0.105602 -0.046648 0.005371 0.668325 0.742386
4158196.581963 1.682709 5.598354 -0.085388 -0.026469 0.005691 0.708006 0.705687
4158196.682065 1.631525 5.616956 -0.096505 -0.031561 0.006088 0.724942 0.688060
4158196.782049 1.591164 5.663119 -0.109561 -0.045809 0.003657 0.694381 0.718138
4158196.881945 1.597316 5.693830 -0.103544 -0.063710 0.002284 0.644083 0.762295
4158196.982077 1.676300 5.710309 -0.087979 -0.068779 0.004707 0.601253 0.796080
4158197.082005 1.743787 5.685105 -0.073764 -0.045540 0.013319 0.596029 0.801560
4158197.181930 1.810414 5.664668 -0.075666 -0.017343 0.016529 0.612444 0.790151
4158197.281991 1.796696 5.716291 -0.061813 -0.016913 0.024070 0.647082 0.761852
4158197.381981 1.774790 5.786464 -0.049772 -0.029240 0.028851 0.678640 0.733322
4158197.482147 1.749160 5.850693 -0.058579 -0.048435 0.020774 0.695461 0.716628
4158197.582048 1.706285 5.874868 -0.065121 -0.061385 0.009005 0.694627 0.716689
4158197.681962 1.703424 5.878209 -0.068612 -0.054053 0.002253 0.678141 0.732938
4158197.782609 1.700520 5.896480 -0.094209 -0.045275 0.002491 0.647933 0.760347
4158197.882038 1.743507 5.948973 -0.071395 -0.035519 0.014852 0.614249 0.788173
4158197.982003 1.823913 5.981373 -0.056740 -0.027329 0.032946 0.589563 0.806587
4158198.082088 1.880618 5.989815 -0.055909 -0.019664 0.029741 0.583714 0.811176
4158198.182030 1.889730 6.005751 -0.077223 -0.016210 0.022345 0.598410 0.800715
4158198.282093 1.848341 6.066149 -0.081831 -0.033774 0.019892 0.633678 0.772603
4158198.382040 1.799278 6.123967 -0.057782 -0.050371 0.016360 0.665175 0.744807
4158198.481970 1.794421 6.148956 -0.027927 -0.045312 0.012787 0.670038 0.740832
4158198.582036 1.766100 6.182537 -0.073514 -0.046889 -0.001656 0.664780 0.745565
4158198.681905 1.783716 6.223033 -0.109466 -0.043403 -0.006184 0.640165 0.766985
4158198.781985 1.828942 6.232850 -0.085663 -0.041973 0.006407 0.607620 0.793092
4158198.881953 1.876761 6.240035 -0.077808 -0.039625 0.021808 0.576748 0.815669
4158198.981928 1.934781 6.242393 -0.070213 -0.029065 0.019106 0.565618 0.823934
4158199.082021 1.925852 6.282297 -0.075319 -0.024402 0.018231 0.587362 0.808751
4158199.182087 1.939559 6.317210 -0.059504 -0.026273 0.024109 0.620853 0.783115
4158199.282147 1.913974 6.359314 -0.055632 -0.036843 0.026156 0.650236 0.758387
4158199.381859 1.870116 6.417001 -0.068945 -0.047286 0.015879 0.665877 0.744392
4158199.481894 1.809799 6.466272 -0.088956 -0.052618 -0.001762 0.666399 0.743734
4158199.581880 1.780276 6.475263 -0.101090 -0.037629 -0.010931 0.645656 0.762622
4158199.681988 1.811995 6.492264 -0.085647 -0.030226 0.001136 0.613504 0.789112
4158199.781981 1.889741 6.523635 -0.054370 -0.029660 0.021656 0.582240 0.812187
4158199.881911 1.948991 6.545553 -0.064633 -0.027953 0.020176 0.572838 0.818944
4158199.981948 1.987454 6.562409 -0.080929 -0.021389 0.014637 0.577356 0.816081
4158200.082030 1.988737 6.587353 -0.093067 -0.027833 0.016517 0.606946 0.794084
4158200.181990 1.978195 6.625138 -0.071542 -0.037031 0.022787 0.639084 0.767907
4158200.281898 1.947886 6.660044 -0.052351 -0.043467 0.019768 0.657098 0.752291
4158200.382180 1.909113 6.723063 -0.089040 -0.047050 0.007475 0.660585 0.749238
4158200.482011 1.910568 6.759759 -0.091245 -0.040425 -0.004756 0.649723 0.759081
4158200.582009 1.940430 6.800832 -0.075051 -0.028189 -0.001611 0.625081 0.780049
4158200.682002 1.922813 6.783954 -0.057841 -0.034493 0.013569 0.599763 0.799319
4158200.781877 1.947668 6.788480 -0.063952 -0.034029 0.022556 0.582357 0.811907
4158200.881926 2.035048 6.815821 -0.101740 -0.026908 0.015878 0.575858 0.816952
4158200.982043 2.070605 6.869858 -0.076972 -0.029380 0.007037 0.594161 0.803779
4158201.082029 2.101085 6.912458 -0.017237 -0.031084 0.016065 0.622206 0.782071
4158201.181929 2.050815 6.958196 -0.025775 -0.039142 0.025441 0.647565 0.760579
4158201.281931 1.960139 6.993766 -0.057473 -0.038340 0.017338 0.663712 0.746804
4158201.381941 1.943228 7.020979 -0.074598 -0.033408 -0.002204 0.659843 0.750657
4158201.481972 1.966735 7.046944 -0.099598 -0.038309 -0.003921 0.635960 0.770761
4158201.581894 2.019258 7.092342 -0.084516 -0.042967 0.007777 0.606873 0.793599
4158201.681961 2.039326 7.120805 -0.060816 -0.036180 0.017477 0.584818 0.810169
4158201.781915 2.082518 7.109422 -0.086076 -0.027391 0.011287 0.577351 0.815958
4158201.881982 2.092519 7.130202 -0.107983 -0.024789 0.009344 0.589317 0.807467
4158201.981838 2.127478 7.126154 -0.076167 -0.034298 0.013246 0.615790 0.787052
4158202.081892 2.112604 7.173459 -0.020563 -0.039714 0.016900 0.642974 0.764671
4158202.181977 2.051213 7.230155 -0.032681 -0.041830 0.013055 0.659300 0.750602
4158202.281817 2.060202 7.299774 -0.059398 -0.043153 0.004720 0.659999 0.750011
4158202.381925 2.042980 7.352091 -0.096944 -0.042669 -0.001257 0.642323 0.765244
4158202.481973 2.033988 7.384945 -0.088545 -0.039950 0.004705 0.617329 0.785676
4158202.583376 2.055891 7.344533 -0.049850 -0.040467 0.008667 0.584732 0.810170
4158202.681975 2.124536 7.356118 -0.049968 -0.031692 0.014810 0.561207 0.826936
4158202.781966 2.185573 7.377427 -0.083605 -0.016494 0.021069 0.552281 0.833229
4158202.881799 2.215333 7.412499 -0.095174 -0.017680 0.027263 0.562852 0.825918
4158202.981904 2.177926 7.448580 -0.066708 -0.033244 0.026814 0.590365 0.806006
4158203.081848 2.140866 7.491417 -0.048116 -0.042587 0.012010 0.607526 0.793066
4158203.181808 2.141484 7.528502 -0.084740 -0.050854 0.004844 0.612752 0.788622
4158203.281840 2.169218 7.569279 -0.103799 -0.047615 -0.001767 0.602714 0.796533
4158203.381952 2.191842 7.659260 -0.086227 -0.036772 0.001308 0.567437 0.822594
4158203.481799 2.211729 7.679771 -0.052708 -0.024873 0.017781 0.515392 0.856409
4158203.581866 2.264798 7.633302 -0.033547 -0.010613 0.033481 0.463802 0.885242
4158203.681832 2.320349 7.583634 -0.042814 -0.001599 0.030713 0.432153 0.901276
4158203.782326 2.369899 7.623615 -0.050420 -0.002138 0.017755 0.424240 0.905373
4158203.881861 2.387094 7.712775 -0.088918 -0.028844 0.006641 0.433510 0.900663
4158203.981816 2.381195 7.748567 -0.092801 -0.047566 0.000796 0.443697 0.894913
4158204.081954 2.386030 7.765800 -0.093564 -0.044418 0.001218 0.436123 0.898789
4158204.181898 2.337917 7.775600 -0.115845 -0.025201 0.008776 0.402622 0.914977
4158204.281776 2.363775 7.776931 -0.063780 -0.005051 0.008267 0.341021 0.940006
4158204.381892 2.422777 7.765497 -0.042071 0.005920 0.017716 0.269339 0.962864
4158204.481885 2.535882 7.778578 -0.055895 0.006775 0.030747 0.207601 0.977707
4158204.581803 2.587391 7.809020 -0.042296 0.011684 0.043948 0.154699 0.986914
4158204.681943 2.616026 7.833492 -0.037625 0.018690 0.057553 0.116622 0.991331
4158204.781975 2.626607 7.843335 -0.042715 0.016761 0.056394 0.125827 0.990306
4158204.881922 2.608091 7.818473 -0.028047 0.010625 0.052900 0.156177 0.986254
4158204.981831 2.612247 7.816874 -0.003548 -0.001636 0.023928 0.177839 0.983767
4158205.081903 2.585178 7.847215 -0.037113 -0.010524 -0.004542 0.144401 0.989453
4158205.181783 2.525697 7.861322 -0.091649 0.000139 0.010262 0.048109 0.998789
4158205.281847 2.555853 7.823309 -0.112832 0.017724 0.031017 -0.053835 0.997911
4158205.381968 2.731564 7.734698 -0.055199 0.022910 0.035269 -0.085799 0.995424
4158205.481815 2.807855 7.742550 -0.060289 0.017779 0.063473 -0.040076 0.997020
4158205.581810 2.809844 7.787432 -0.065617 0.007917 0.070538 0.030323 0.997017
4158205.681896 2.751128 7.851896 -0.073057 -0.013396 0.022719 0.071830 0.997068
4158205.781801 2.760746 7.886839 -0.080892 -0.023063 -0.041017 0.031945 0.998381
4158205.881887 2.785430 7.848984 -0.079624 -0.014877 -0.046257 -0.048926 0.997620
4158205.981849 2.834602 7.747616 -0.100890 0.009130 -0.003074 -0.106297 0.994288
4158206.081812 2.898745 7.687726 -0.104106 0.021754 0.046159 -0.085115 0.995064
4158206.181974 2.975092 7.714601 -0.113841 0.007280 0.067568 -0.014509 0.997583
4158206.281825 2.969598 7.827525 -0.105377 -0.017652 0.047983 0.043558 0.997742
4158206.381965 2.890598 7.883918 -0.094173 -0.035001 0.000288 0.047874 0.998240
4158206.481981 2.902319 7.834544 -0.059985 -0.020004 -0.031586 -0.011941 0.999229
4158206.581805 2.978312 7.752368 -0.020724 0.003316 -0.027923 -0.075181 0.996773
4158206.681797 3.097126 7.685726 -0.056145 0.018750 0.016372 -0.102504 0.994421
4158206.781949 3.158070 7.698223 -0.061710 0.022017 0.040321 -0.084200 0.995389
4158206.881791 3.173204 7.741146 -0.065142 0.016887 0.055090 -0.057426 0.996686
4158206.981973 3.124718 7.759602 -0.023315 0.004689 0.047152 -0.014283 0.998775
4158207.081940 3.064556 7.768835 0.011217 -0.010351 0.015814 0.020786 0.999605
4158207.181797 3.112329 7.756499 -0.041458 -0.023017 -0.008029 0.015570 0.999582
4158207.281783 3.194350 7.737802 -0.055636 -0.012498 -0.016185 -0.023209 0.999521
4158207.381956 3.278065 7.720982 -0.028136 0.002231 -0.007930 -0.067425 0.997690
4158207.481834 3.324743 7.710068 -0.017025 0.015887 0.013099 -0.093881 0.995370
4158207.581992 3.354595 7.691103 -0.024555 0.018748 0.023888 -0.096135 0.994905
4158207.681914 3.367673 7.692903 -0.011439 0.007467 0.024480 -0.068590 0.997317
4158207.781761 3.389390 7.695523 0.028603 -0.003777 0.014099 -0.024228 0.999600
4158207.881963 3.408263 7.722052 -0.013053 -0.009971 0.011545 0.004629 0.999873
4158207.981928 3.382937 7.744436 -0.043852 -0.015572 0.004037 0.002466 0.999868
4158208.081815 3.444531 7.724180 -0.017575 -0.009629 -0.008334 -0.037925 0.999199
4158208.181951 3.526171 7.705642 0.003743 -0.002040 -0.007961 -0.081709 0.996622
4158208.281866 3.543611 7.684952 -0.008588 0.009264 0.010268 -0.104251 0.994455
4158208.381809 3.497287 7.677985 -0.015962 0.013627 0.016266 -0.102028 0.994555
4158208.481952 3.504840 7.687800 -0.002478 0.007481 0.011820 -0.086253 0.996175
4158208.581890 3.547004 7.679002 0.013968 -0.002110 0.009096 -0.064465 0.997876
4158208.680318 3.598595 7.654461 0.016908 -0.008825 0.011893 -0.059132 0.998140
4158208.781754 3.604837 7.665234 -0.020114 -0.007071 0.008183 -0.097570 0.995170
4158208.881843 3.669958 7.667538 -0.036430 0.006776 0.019167 -0.179320 0.983581
4158208.981815 3.708275 7.648234 -0.042535 0.027681 0.027839 -0.256707 0.965692
4158209.081895 3.714472 7.620306 -0.047915 0.041115 0.021143 -0.305361 0.951114
4158209.181889 3.687809 7.582404 0.006364 0.038365 0.008039 -0.322716 0.945684
4158209.281804 3.701632 7.570562 0.016977 0.027072 0.012986 -0.319451 0.947127
4158209.381929 3.760755 7.561118 -0.002867 0.020181 0.019143 -0.321487 0.946505
4158209.481802 3.780857 7.545086 -0.037186 0.012707 0.013448 -0.338510 0.940781
4158209.581753 3.796257 7.514232 -0.023171 0.017031 -0.000186 -0.391770 0.919905
4158209.681920 3.811673 7.486028 0.021662 0.036092 -0.007449 -0.463585 0.885286
4158209.781831 3.822342 7.433271 0.007536 0.056199 -0.005724 -0.535167 0.842855
4158209.881970 3.805928 7.419971 -0.010664 0.061650 -0.001032 -0.577269 0.814223
4158209.981727 3.787756 7.408985 -0.021375 0.048273 0.006616 -0.599263 0.799068
4158210.081826 3.776296 7.384122 -0.062420 0.029279 0.012564 -0.605681 0.795070
4158210.181881 3.741009 7.332003 -0.086430 0.024208 0.017180 -0.604295 0.796207
4158210.281878 3.734204 7.276935 -0.090795 0.021838 0.018954 -0.605510 0.795312
4158210.381842 3.807037 7.249010 -0.050002 0.019565 -0.006276 -0.605334 0.795706
4158210.481764 3.881232 7.261768 -0.010601 0.031085 -0.024853 -0.615685 0.786987
4158210.581915 3.913111 7.258562 -0.000510 0.044243 -0.024368 -0.633490 0.772101
4158210.681828 3.884714 7.219669 -0.009547 0.045685 -0.008413 -0.640957 0.766170
4158210.781869 3.833180 7.153048 -0.006358 0.038833 0.006854 -0.637382 0.769539
4158210.881919 3.807228 7.102048 -0.010962 0.038515 0.017394 -0.616113 0.786524
4158210.981732 3.816436 7.066670 -0.053428 0.028301 0.030204 -0.591585 0.805179
4158211.081808 3.877530 7.078177 -0.040360 0.018051 0.007716 -0.573116 0.819239
4158211.181894 3.900759 7.104748 0.006615 0.019684 -0.013317 -0.570697 0.820816
4158211.282478 3.911625 7.095825 0.011107 0.027090 -0.023738 -0.570971 0.820179
4158211.381713 3.898984 7.056678 0.004529 0.034268 -0.023252 -0.569023 0.821278
4158211.481731 3.931766 6.996219 -0.000788 0.036942 0.004384 -0.556912 0.829738
4158211.581832 3.979523 6.983551 -0.002114 0.022927 0.028787 -0.492751 0.869392
4158211.682373 3.968323 6.970914 0.018181 0.009438 0.024886 -0.440827 0.897197
4158211.781912 3.955350 6.927641 0.043110 0.005439 0.002529 -0.428326 0.903605
4158211.881950 3.965609 6.908366 0.017535 0.006376 -0.020234 -0.440960 0.897276
4158211.982049 3.983694 6.927876 0.029531 0.013969 -0.020109 -0.459430 0.887876
4158212.082089 4.016315 6.886944 0.008977 0.023212 -0.003318 -0.478306 0.877880
4158212.181849 4.059058 6.851032 -0.023694 0.028369 0.012300 -0.491074 0.870569
4158212.281907 4.050471 6.821221 -0.021988 0.024600 0.001888 -0.485881 0.873677
4158212.381834 4.062478 6.826180 0.023872 0.017151 -0.004610 -0.455638 0.889988
4158212.481818 4.046618 6.794642 0.048206 0.018605 0.001663 -0.425094 0.904956
4158212.581966 4.073674 6.760264 0.039571 0.014147 0.008229 -0.415313 0.909531
4158212.681862 4.122853 6.734975 0.031779 0.005812 -0.009468 -0.440562 0.897653
4158212.781881 4.147955 6.704162 0.015501 0.003230 -0.017915 -0.471474 0.881692
4158212.881899 4.202088 6.698618 0.024136 0.013456 -0.003920 -0.498868 0.866565
4158212.981872 4.189470 6.674790 0.009162 0.029928 0.004750 -0.502791 0.863876
4158213.081794 4.160899 6.658487 -0.011484 0.042203 0.009542 -0.498003 0.866095
4158213.181866 4.176606 6.641250 0.012210 0.037697 0.010402 -0.473365 0.879998
4158213.281824 4.209769 6.608848 0.015346 0.022699 0.013179 -0.451511 0.891879
4158213.382314 4.158230 6.556012 0.014840 0.024040 0.005836 -0.446631 0.894376
4158213.481848 4.078296 6.468995 0.005172 0.026628 0.000749 -0.471924 0.881236
4158213.581848 4.103301 6.377718 0.007802 0.033686 0.003931 -0.516531 0.855597
4158213.682278 4.152206 6.330759 0.002104 0.047377 0.002482 -0.573256 0.818002
4158213.781872 4.173206 6.350727 -0.007013 0.056467 -0.003551 -0.624348 0.779095
4158213.881822 4.198491 6.393359 -0.002034 0.056807 -0.006221 -0.668206 0.741779
4158213.981800 4.158505 6.375101 -0.020042 0.051682 0.004461 -0.696305 0.715869
4158214.081849 4.165131 6.311933 -0.047680 0.041434 0.010235 -0.687520 0.724911
4158214.181824 4.228236 6.234569 -0.041182 0.029859 0.004282 -0.670366 0.741417
4158214.282272 4.264852 6.182089 0.011294 0.021768 -0.007064 -0.652070 0.757814
4158214.381851 4.262386 6.212339 0.017406 0.013404 -0.015862 -0.632749 0.774079
4158214.481852 4.265099 6.263226 -0.028450 0.011545 -0.013616 -0.622294 0.782580
4158214.581846 4.246002 6.294490 0.012601 0.034898 -0.006233 -0.626863 0.778322
4158214.681858 4.176183 6.262356 0.023113 0.051141 0.003305 -0.633902 0.771714
4158214.781799 4.158292 6.197406 0.007442 0.052318 0.017559 -0.639445 0.766854
4158214.881770 4.250990 6.091544 -0.000882 0.041513 0.018155 -0.630222 0.775092
4158214.981772 4.355921 6.014818 0.003054 0.023427 0.003871 -0.610772 0.791450
4158215.081767 4.419830 6.051439 0.010633 0.009473 -0.006931 -0.593293 0.804901
4158215.181838 4.383242 6.115541 0.035912 0.015486 -0.000654 -0.591100 0.806449
4158215.281824 4.333169 6.123468 0.032626 0.031304 0.012778 -0.602752 0.797212
4158215.381778 4.252209 6.075804 0.023401 0.052182 0.016165 -0.621312 0.781657
4158215.481835 4.241616 5.995810 0.020758 0.049065 0.014168 -0.647694 0.760187
4158215.581845 4.247659 5.910175 0.011855 0.034891 0.008011 -0.650150 0.758962
4158215.681788 4.263194 5.882356 -0.012374 0.017047 0.000487 -0.611871 0.790774
4158215.782222 4.303426 5.910694 0.021383 0.012502 -0.006304 -0.556472 0.830749
4158215.881949 4.316055 5.914564 0.020971 0.014901 -0.019866 -0.510303 0.859636
4158215.981757 4.305971 5.882830 0.042422 0.020508 -0.011302 -0.539517 0.841649
4158216.082228 4.288096 5.866782 0.024342 0.026167 0.001659 -0.600232 0.799396
4158216.181804 4.277662 5.838466 -0.003234 0.033924 0.014585 -0.659251 0.751016
4158216.282305 4.312055 5.768705 0.017219 0.042391 0.008450 -0.703186 0.709691
4158216.381791 4.280414 5.599462 0.049221 0.044725 -0.011958 -0.706394 0.706304
4158216.481806 4.288891 5.531452 0.056716 0.039047 -0.020136 -0.660528 0.749515
4158216.581772 4.356132 5.520579 0.022013 0.020904 -0.004010 -0.603610 0.796995
4158216.681779 4.441426 5.615223 0.016782 0.005282 0.005870 -0.545038 0.838374
4158216.781835 4.433201 5.753395 0.051194 0.008278 -0.000582 -0.519774 0.854263
4158216.881753 4.380015 5.749381 0.109561 0.027857 -0.021926 -0.562240 0.826214
4158216.982288 4.350405 5.600208 0.080739 0.037009 -0.023558 -0.625362 0.779101
4158217.081820 4.320261 5.505214 0.055573 0.042260 -0.018997 -0.683935 0.728070
4158217.182259 4.338037 5.408632 0.033375 0.036922 -0.003060 -0.720626 0.692334
4158217.281947 4.373359 5.415239 0.038334 0.034865 0.006874 -0.687237 0.725564
4158217.382189 4.371365 5.465100 0.016617 0.031377 0.013096 -0.631269 0.774818
4158217.482293 4.356157 5.509045 0.029030 0.019495 0.005177 -0.569411 0.821805
4158217.581920 4.449592 5.489731 0.034767 0.001397 -0.012974 -0.522411 0.852594
4158217.681834 4.524078 5.367997 0.045218 0.008458 -0.014965 -0.574958 0.818002
4158217.782280 4.478273 5.251475 0.044411 0.031739 -0.016254 -0.648301 0.760549
4158217.882247 4.379573 5.296455 0.033201 0.052571 -0.013277 -0.723161 0.688548
4158217.981900 4.211932 5.233540 0.063786 0.061760 -0.009720 -0.775902 0.627748
4158218.082247 4.133301 5.138122 0.059631 0.045969 0.000462 -0.763628 0.644018
4158218.181874 4.221343 5.090447 0.030538 0.032764 0.006783 -0.715874 0.697427
4158218.282343 4.339282 5.212019 0.039019 0.031668 -0.000611 -0.661007 0.749711
4158218.382245 4.450663 5.382589 0.063549 0.026107 -0.008405 -0.607161 0.794105
4158218.482192 4.497598 5.478957 0.065080 0.027746 -0.019911 -0.610888 0.790980
4158218.581893 4.575411 5.407522 0.109734 0.039229 -0.020036 -0.655901 0.753561
4158218.682215 4.558898 5.309983 0.124879 0.056110 -0.012949 -0.700031 0.711787
4158218.782183 4.502617 5.166352 0.079524 0.061937 -0.003348 -0.744675 0.664539
4158218.882368 4.414616 5.037291 0.050687 0.048900 0.000797 -0.785037 0.617515
4158218.982203 4.269991 4.989593 0.047674 0.042222 -0.004649 -0.800109 0.598349
4158219.081842 4.260533 5.001188 0.050170 0.048844 -0.009036 -0.784035 0.618726
4158219.182313 4.366492 5.004791 0.062491 0.039773 0.004710 -0.755112 0.654371
4158219.282274 4.474320 5.041291 0.049967 0.026338 0.012258 -0.725402 0.687712
4158219.381901 4.561580 5.121064 0.075865 0.018955 -0.002782 -0.700673 0.713226
4158219.482294 4.514532 5.067096 0.094859 0.032109 -0.022066 -0.714247 0.698808
4158219.582199 4.427013 4.959460 0.076747 0.047599 -0.027827 -0.743866 0.666050
4158219.682172 4.348777 4.887239 0.036209 0.048473 -0.021922 -0.771475 0.634031
4158219.782293 4.243662 4.882129 0.014162 0.048991 -0.008641 -0.791876 0.608652
4158219.882259 4.232285 4.873414 0.006375 0.043730 0.012335 -0.790195 0.611168
4158219.981890 4.183315 4.825901 0.041970 0.040688 0.006633 -0.772210 0.634029
4158220.081798 4.147965 4.829361 0.081019 0.035350 -0.002712 -0.755267 0.654458
4158220.182207 4.198125 4.876517 0.091606 0.029233 -0.011625 -0.742244 0.669391
4158220.282189 4.303933 4.866916 0.081479 0.036483 -0.023055 -0.729210 0.682928
4158220.382266 4.411749 4.831265 0.096459 0.048850 -0.029972 -0.733850 0.676890
4158220.482517 4.472643 4.796087 0.113350 0.050216 -0.029069 -0.749334 0.659646
4158220.581892 4.477492 4.798339 0.076995 0.042863 -0.013283 -0.764572 0.642974
4158220.681876 4.382221 4.696078 0.041194 0.040216 0.000768 -0.776548 0.628772
4158220.782239 4.239271 4.590681 0.030450 0.041300 0.001290 -0.785127 0.617955
4158220.881957 4.227985 4.547696 0.038542 0.032906 0.000025 -0.774916 0.631207
4158220.982240 4.308633 4.531417 0.066633 0.023465 -0.005608 -0.758683 0.651013
4158221.082179 4.403771 4.561509 0.093805 0.022226 -0.016913 -0.740722 0.671231
4158221.182113 4.438355 4.598177 0.061410 0.031645 -0.016935 -0.741116 0.670417
4158221.281764 4.428807 4.586357 0.072396 0.038171 -0.020321 -0.751519 0.658292
4158221.382153 4.389434 4.551075 0.104750 0.037665 -0.011746 -0.761599 0.646847
4158221.482381 4.287866 4.484761 0.070569 0.042161 -0.007741 -0.770536 0.635953
4158221.582185 4.196599 4.418626 0.028215 0.041387 0.000362 -0.779663 0.624830
4158221.682195 4.172138 4.383054 0.043552 0.035402 0.001268 -0.780265 0.624445
4158221.782115 4.198850 4.344606 0.083600 0.028677 -0.000712 -0.781415 0.623352
4158221.881766 4.292405 4.372945 0.076243 0.024634 -0.005423 -0.770576 0.636849
4158221.982177 4.383582 4.390461 0.074772 0.022084 -0.010710 -0.760120 0.649319
4158222.082107 4.447336 4.386819 0.094045 0.032211 -0.012410 -0.754843 0.654997
4158222.182177 4.454795 4.342521 0.100983 0.040297 -0.014509 -0.757486 0.651445
4158222.282095 4.406501 4.320971 0.081776 0.043294 -0.016355 -0.755591 0.653407
4158222.381946 4.310031 4.324336 0.057372 0.045072 -0.012564 -0.754191 0.654986
4158222.481836 4.211612 4.285637 0.076471 0.045352 -0.008788 -0.757811 0.650837
4158222.582135 4.137863 4.270920 0.086338 0.038459 -0.008053 -0.762692 0.645567
4158222.682340 4.211418 4.259496 0.075805 0.026655 -0.005793 -0.770195 0.637225
4158222.782227 4.381500 4.229497 0.105075 0.036834 -0.009823 -0.788091 0.614377
4158222.882197 4.351464 4.203640 0.093143 0.053714 -0.023346 -0.820137 0.569162
4158222.982204 4.305054 4.196266 0.076576 0.061951 -0.028961 -0.848479 0.524792
4158223.081827 4.224113 4.143043 0.052021 -0.053398 0.033632 0.869913 -0.489151
4158223.182072 4.049870 4.120260 0.033128 -0.047275 0.015565 0.874520 -0.482429
4158223.281910 3.882312 4.116489 -0.011614 -0.043480 -0.006001 0.876569 -0.479271
4158223.381779 3.788000 4.129425 -0.046328 -0.037078 -0.017568 0.872469 -0.486944
4158223.482148 3.799022 4.090057 0.005184 -0.033396 -0.010403 0.867384 -0.496409
4158223.581739 3.863496 4.020560 0.035159 0.028946 -0.001541 -0.862822 0.504677
4158223.682236 4.124514 4.021028 0.079861 0.033673 -0.016355 -0.857016 0.513928
4158223.782109 4.372799 4.034758 0.095004 0.052157 -0.031974 -0.854263 0.516229
4158223.882301 4.388807 4.083509 0.066037 -0.061966 0.046616 0.863419 -0.498493
4158223.982245 4.392463 4.003166 0.057610 -0.059378 0.039414 0.882634 -0.464627
4158224.081922 4.315592 3.941017 0.069304 -0.059230 0.017422 0.898138 -0.435357
4158224.181824 4.183386 3.870119 0.072145 -0.060983 0.000028 0.909463 -0.411289
4158224.282252 3.899593 3.884395 0.037776 -0.051634 -0.007801 0.906009 -0.420024
4158224.382064 3.662283 3.914973 0.031306 -0.044477 -0.008816 0.901706 -0.429965
4158224.482287 3.640335 3.857638 0.049598 -0.038768 0.006057 0.905003 -0.423591
4158224.582230 3.686902 3.844780 0.020957 -0.028732 0.014430 0.910411 -0.412453
4158224.682130 3.879006 3.890511 0.034435 -0.035866 0.016231 0.915294 -0.400859
4158224.782287 3.996354 3.905145 0.067146 -0.054257 0.018813 0.921664 -0.383716
4158224.882194 3.989645 3.814311 0.121841 -0.070881 0.017409 0.928796 -0.363333
4158224.981935 3.828707 3.712207 0.116430 -0.074627 0.011523 0.932148 -0.354117
4158225.081789 3.587605 3.692980 0.067179 -0.064880 0.007362 0.927593 -0.367842
4158225.182223 3.366708 3.735568 -0.000339 -0.039369 -0.007691 0.921506 -0.386286
4158225.282097 3.287832 3.764768 -0.028753 -0.020563 -0.009593 0.916001 -0.400534
4158225.381768 3.356109 3.755006 0.011405 -0.026987 -0.000613 0.915171 -0.402160
4158225.482217 3.637948 3.701746 0.006391 -0.043363 0.010053 0.915597 -0.399626
4158225.582146 3.887195 3.681987 0.047758 -0.056550 0.019575 0.920207 -0.386831
4158225.682314 4.050314 3.659652 0.080796 -0.051861 0.022652 0.928443 -0.367139
4158225.782267 4.042424 3.615894 0.063042 -0.053737 0.024558 0.937499 -0.342936
4158225.882055 3.868001 3.654717 0.050954 -0.066290 0.012766 0.937656 -0.340945
4158225.981833 3.696304 3.666772 0.028877 -0.070370 0.000014 0.937920 -0.339638
4158226.082152 3.654611 3.714451 -0.005934 -0.056390 -0.000521 0.946861 -0.316660
4158226.181872 3.688531 3.685683 -0.024044 -0.040089 0.011116 0.967177 -0.250673
4158226.282225 3.684276 3.599312 0.020079 -0.046543 0.026326 0.983323 -0.173828
4158226.382133 3.543353 3.531778 0.079807 -0.069337 0.033246 0.991260 -0.107193
4158226.482021 3.282457 3.593653 0.127934 -0.091286 0.028632 0.993224 -0.065972
4158226.581808 3.126579 3.719862 0.069730 -0.088721 0.012786 0.991561 -0.093657
4158226.682076 3.128549 3.763659 -0.021793 -0.058132 -0.000884 0.986118 -0.155537
4158226.782017 3.178054 3.643160 -0.045828 -0.037830 0.001199 0.979563 -0.197543
4158226.882201 3.461232 3.472453 0.014470 -0.016353 0.003485 0.979877 -0.198899
4158226.982022 3.628278 3.386358 0.100109 -0.040556 0.013309 0.989079 -0.141070
4158227.083069 3.605171 3.434285 0.125113 -0.070834 0.025105 0.994178 -0.077219
4158227.182254 3.397456 3.606561 0.062575 -0.081662 0.032237 0.994929 -0.049065
4158227.282076 2.969279 3.754157 -0.001669 -0.071358 0.020641 0.995067 -0.065754
4158227.383023 2.705927 3.741832 -0.006884 -0.052732 -0.001011 0.991608 -0.118033
4158227.483019 2.652874 3.629570 -0.023420 -0.037266 -0.011689 0.987353 -0.153653
4158227.583088 2.883345 3.443564 0.037306 -0.034504 0.005130 0.988106 -0.149763
4158227.683047 3.237897 3.299271 0.093950 -0.023133 0.014101 0.989784 -0.139976
4158227.783039 3.456470 3.283032 0.084859 -0.039967 0.021418 0.993544 -0.103989
4158227.882088 3.491647 3.351904 0.014960 -0.070200 0.029826 0.995388 -0.058186
4158227.983042 3.443983 3.510369 -0.011494 -0.083918 0.023755 0.995925 -0.022942
4158228.082204 3.198656 3.683736 0.026104 -0.083658 0.013946 0.996369 -0.007420
4158228.183095 2.767668 3.711572 0.044312 -0.066770 0.007251 0.997630 -0.014934
4158228.283090 2.540489 3.657213 -0.005425 -0.044776 0.000418 0.998239 -0.038907
4158228.383053 2.346868 3.573875 -0.084606 -0.020293 -0.004011 0.997913 -0.061171
4158228.483062 2.288566 3.556597 -0.028781 -0.013321 -0.001747 0.997347 -0.071538
4158228.583055 2.312370 3.524764 0.004198 -0.030027 0.005499 0.997073 -0.070094
4158228.682122 2.436788 3.454418 0.004208 -0.056535 0.022395 0.996224 -0.061974
4158228.782061 2.570423 3.425765 0.041276 -0.068981 0.035420 0.995906 -0.046455
4158228.883018 2.819725 3.523309 0.035929 -0.066518 0.031816 0.997027 -0.022373
4158228.982089 2.946287 3.589792 0.032436 -0.068724 0.017418 0.997249 -0.021618
4158229.082021 2.772237 3.609944 0.016911 -0.068909 0.009641 0.996871 -0.037515
4158229.183017 2.583112 3.567389 -0.018623 -0.066064 0.004564 0.996261 -0.055480
4158229.282206 2.395504 3.511033 -0.022409 -0.047047 0.003898 0.995944 -0.076598
4158229.383024 2.249027 3.471138 0.016643 -0.027053 0.010540 0.994493 -0.100699
4158229.483021 2.263377 3.462984 0.015539 -0.033649 0.017253 0.994907 -0.093435
4158229.583065 2.334808 3.454238 -0.008788 -0.053870 0.026319 0.995885 -0.067956
4158229.682058 2.430236 3.503661 -0.030156 -0.063360 0.028624 0.996982 -0.034545
4158229.782977 2.603958 3.535170 -0.021267 -0.064003 0.022936 0.997610 -0.012299
4158229.882112 2.618820 3.608163 -0.008972 -0.067531 0.015234 0.997599 -0.001771
4158229.983001 2.458437 3.739696 -0.039761 -0.068679 0.009390 0.997554 -0.008979
4158230.083018 2.273160 3.762532 -0.058878 -0.048642 -0.004726 0.998532 -0.023366
4158230.182108 2.106249 3.584588 -0.022670 -0.033103 0.000389 0.998790 -0.036360
4158230.283018 1.980537 3.459228 -0.008705 -0.024719 0.008820 0.998644 -0.044949
4158230.382930 1.938620 3.307500 -0.035275 -0.035489 0.018044 0.997540 -0.057702
4158230.482062 2.043942 3.299897 -0.011645 -0.046395 0.022274 0.996536 -0.065325
4158230.582991 2.122095 3.353159 -0.010899 -0.054630 0.019692 0.996238 -0.064320
4158230.682966 2.253716 3.533318 -0.039241 -0.062945 0.019750 0.996457 -0.052160
4158230.782054 2.364054 3.586627 -0.025892 -0.071013 0.012716 0.995898 -0.054622
4158230.882993 2.462095 3.625033 0.002692 -0.067544 0.006409 0.995908 -0.059699
4158230.982965 2.435694 3.554319 0.003218 -0.062508 0.009476 0.996107 -0.061439
4158231.082972 2.382061 3.449448 0.007310 -0.058523 0.013025 0.996138 -0.064148
4158231.182976 2.340986 3.360893 -0.004532 -0.053713 0.011630 0.996063 -0.069550
4158231.282221 2.345889 3.291902 -0.025889 -0.053648 0.017864 0.996048 -0.068490
4158231.382079 2.359693 3.286485 -0.053019 -0.050644 0.023982 0.996533 -0.061504
4158231.483041 2.337781 3.306644 -0.031401 -0.050909 0.018507 0.996790 -0.058960
4158231.582958 2.244176 3.474718 0.000968 -0.067169 0.016834 0.995292 -0.067811
4158231.682184 2.031118 3.561734 -0.005117 -0.067063 0.014890 0.994871 -0.074248
4158231.782967 1.944201 3.509336 -0.041475 -0.049419 0.006795 0.994799 -0.088810
4158231.882976 1.864607 3.450992 -0.054253 -0.023499 0.000264 0.995201 -0.094987
4158231.982101 1.750432 3.374765 -0.023103 -0.017159 0.004752 0.995653 -0.091426
4158232.083026 1.780841 3.285778 -0.001633 -0.034551 0.010522 0.995980 -0.081976
4158232.183050 1.864478 3.235708 -0.000470 -0.042239 0.017057 0.996514 -0.069885
4158232.282915 2.067813 3.278890 -0.021019 -0.051693 0.023943 0.996553 -0.060307
4158232.381904 2.177856 3.445405 -0.051306 -0.069991 0.024043 0.995133 -0.065067
4158232.482171 2.074272 3.529881 -0.072058 -0.074557 0.014897 0.993797 -0.081156
4158232.583077 1.969070 3.560483 -0.056701 -0.063652 -0.000027 0.992459 -0.104756
4158232.681865 1.883790 3.507555 -0.045650 -0.044696 -0.007321 0.990026 -0.133405
4158232.782920 1.729936 3.419115 -0.020447 -0.030831 -0.003227 0.986929 -0.158149
4158232.882885 1.575727 3.337301 -0.018396 -0.017845 0.007197 0.983262 -0.181178
4158232.981890 1.422805 3.326151 -0.053720 -0.020846 0.019514 0.978894 -0.202365
4158233.082884 1.285617 3.317068 -0.055053 -0.024625 0.022901 0.973481 -0.226284
4158233.182915 1.350048 3.430196 -0.030804 -0.021550 0.000169 0.966482 -0.255828
4158233.283022 1.487425 3.548262 -0.011325 -0.016615 -0.023490 0.960057 -0.278320
4158233.382908 1.522564 3.590120 -0.070318 -0.025164 -0.026256 0.952751 -0.301568
4158233.482108 1.517954 3.524429 -0.090983 -0.040044 -0.009782 0.946761 -0.319286
4158233.583039 1.541407 3.372655 -0.049743 -0.047573 0.005661 0.939003 -0.340556
4158233.682907 1.561213 3.233409 -0.016463 -0.049331 0.021104 0.926941 -0.371350
4158233.782050 1.582591 3.230623 -0.041632 -0.041057 0.021589 0.913243 -0.404765
4158233.882924 1.581582 3.242538 -0.068487 -0.039580 0.006153 0.896366 -0.441502
4158233.982913 1.548146 3.353998 -0.099019 -0.042716 -0.007755 0.871062 -0.489251
4158234.082889 1.547882 3.384059 -0.078557 0.037954 0.018119 -0.843002 0.536264
4158234.181831 1.491228 3.238260 -0.044905 0.026337 0.002845 -0.820245 0.571398
4158234.282877 1.487094 3.060673 -0.039543 0.012926 -0.006554 -0.800957 0.598547
4158234.382058 1.677922 2.896045 -0.035972 0.008466 -0.002187 -0.797654 0.603051
4158234.482928 1.740042 2.778921 -0.064748 0.017090 -0.001984 -0.804209 0.594098
4158234.582899 1.725957 2.761106 -0.054309 0.027422 -0.009617 -0.811922 0.583043
4158234.682027 1.704276 2.830058 -0.025281 0.030038 -0.016436 -0.819143 0.572566
4158234.783016 1.755043 2.933019 -0.028488 0.032940 -0.010001 -0.826726 0.561551
4158234.882221 1.741213 3.086098 -0.083883 0.037239 -0.004746 -0.829901 0.556647
4158234.983082 1.615889 3.246115 -0.062671 0.036136 -0.010820 -0.827428 0.560303
4158235.083027 1.467973 3.375856 -0.041555 0.031075 -0.014053 -0.823537 0.566237
4158235.182923 1.277342 3.196929 -0.038463 0.025615 -0.011255 -0.820844 0.570467
4158235.282011 1.135157 2.973396 -0.033283 0.025528 -0.006611 -0.813619 0.580799
4158235.381824 1.160676 2.786600 -0.025227 0.024086 0.001714 -0.808925 0.587416
4158235.482864 1.187599 2.671255 -0.043421 0.022023 0.002539 -0.802095 0.596785
4158235.582032 1.309212 2.695213 -0.083487 0.029236 -0.003417 -0.799104 0.600472
4158235.683015 1.511892 2.926589 -0.086512 0.035064 -0.003745 -0.797988 0.601640
4158235.782838 1.607656 3.063597 -0.066070 0.035314 -0.006074 -0.793876 0.607023
4158235.882045 1.737065 3.134582 -0.018020 0.032426 -0.004538 -0.788566 0.614078
4158235.982923 1.768672 2.938623 -0.013586 0.031562 -0.004681 -0.785390 0.618179
4158236.082884 1.648679 2.678278 -0.025094 0.037938 -0.009800 -0.788012 0.614412
4158236.183139 1.576807 2.423034 -0.026802 0.043316 -0.017575 -0.788638 0.613079
4158236.282851 1.573467 2.209547 -0.041155 0.034677 -0.020204 -0.791377 0.610010
4158236.382892 1.616622 2.250036 -0.052281 0.023992 -0.009395 -0.794714 0.606437
4158236.482986 1.592019 2.688900 -0.072521 0.037253 -0.006577 -0.792240 0.609036
4158236.582900 1.509200 3.138268 -0.072064 0.047154 -0.001581 -0.790922 0.610095
4158236.682864 1.379897 3.527554 -0.036520 0.038678 0.004543 -0.784999 0.618272
4158236.783029 1.265622 3.828061 0.015303 0.030388 0.015991 -0.781110 0.623448
4158236.882914 1.320872 3.930327 0.095198 0.015729 0.042557 -0.789396 0.612205
4158236.982802 1.444653 3.819724 0.094540 0.016502 0.048414 -0.797686 0.600900
4158237.083024 1.464930 3.654823 0.026108 0.033277 0.025868 -0.800008 0.598507
4158237.182853 1.442333 3.507159 -0.048373 0.053391 -0.006848 -0.794415 0.604985
4158237.282086 1.380953 3.099007 -0.112799 0.056982 -0.025020 -0.783746 0.617956
4158237.383006 1.360677 2.730858 -0.106631 0.041545 -0.014573 -0.773464 0.632310
4158237.482850 1.300126 2.237565 -0.059835 0.023229 -0.000068 -0.765846 0.642604
4158237.582828 1.300857 1.780817 -0.005074 0.000666 0.006135 -0.755668 0.654926
4158237.681983 1.300010 1.677056 0.006795 0.005765 -0.002284 -0.749394 0.662095
4158237.782860 1.348049 1.916623 0.056468 0.015236 -0.005939 -0.754929 0.655603
4158237.882067 1.395071 2.130029 0.020023 0.032965 -0.007939 -0.759555 0.649558
4158237.983006 1.442027 2.393218 -0.030729 0.043989 -0.012961 -0.764596 0.642876
4158238.082865 1.500756 2.651908 -0.083176 0.050263 -0.014862 -0.768254 0.637996
4158238.182794 1.433394 2.809793 -0.065911 0.041993 -0.000356 -0.775390 0.630085
4158238.282955 1.312390 2.932860 -0.035497 0.033106 0.009342 -0.778245 0.627017
4158238.382874 1.233216 3.005668 -0.049235 0.028035 0.018526 -0.778189 0.627130
4158238.482823 1.172751 3.033044 -0.047369 0.025959 0.014749 -0.777015 0.628774
4158238.581972 1.137888 2.980055 -0.005343 0.014521 0.020060 -0.776614 0.629489
4158238.682837 1.107686 2.887676 -0.026827 0.005476 0.026965 -0.784461 0.619567
4158238.782773 1.075339 2.777306 -0.048517 0.011859 0.026085 -0.795855 0.604809
4158238.882936 1.016871 2.679883 -0.037021 0.025882 0.010391 -0.805245 0.592286
4158238.982844 0.982140 2.586376 -0.012215 0.040264 -0.010178 -0.810549 0.584197
4158239.082060 0.989966 2.463758 -0.039326 0.049267 -0.019306 -0.813226 0.579537
4158239.182926 0.987120 2.282713 -0.056336 0.057471 -0.016788 -0.814781 0.576668
4158239.282809 1.033133 2.189150 -0.050246 0.052976 -0.012524 -0.809208 0.584994
4158239.382804 1.092595 2.081707 -0.070426 0.036083 -0.001783 -0.800718 0.597951
4158239.481959 1.201842 1.985935 -0.028598 0.014238 0.004301 -0.789512 0.613555
4158239.582845 1.226404 1.916570 -0.009165 0.010782 -0.003026 -0.779460 0.626352
4158239.682822 1.105487 1.864126 -0.021930 0.031598 -0.012170 -0.776694 0.628967
4158239.782910 0.994872 1.866773 -0.074428 0.049267 -0.016181 -0.778481 0.625522
4158239.882896 0.928349 1.930389 -0.046432 0.036687 -0.014866 -0.789398 0.612604
4158239.982006 0.970139 1.912035 -0.011583 0.024852 -0.014192 -0.798021 0.601949
4158240.081930 1.039353 1.933400 -0.013492 0.027597 -0.012086 -0.805107 0.592364
4158240.182783 1.072334 1.977295 -0.038626 0.040054 0.001483 -0.803343 0.594166
4158240.281999 1.040605 1.987232 -0.093584 0.040162 0.002768 -0.792893 0.608029
4158240.382852 1.030841 1.967237 -0.072613 0.030307 -0.002578 -0.781945 0.622604
4158240.482777 1.041455 1.724542 -0.017785 0.016901 -0.008245 -0.768423 0.639666
4158240.582732 1.011185 1.446066 0.027472 0.017278 -0.011253 -0.755400 0.654939
4158240.681887 1.144459 1.328182 0.015202 0.024713 -0.005822 -0.758101 0.651642
4158240.782812 1.214960 1.189280 0.014376 0.020679 -0.005402 -0.762755 0.646334
4158240.882754 1.241961 1.156083 -0.000157 0.013177 -0.003344 -0.764444 0.644546
4158240.982949 1.318126 1.204180 -0.000991 0.014696 0.004259 -0.767603 0.640742
4158241.082774 1.314796 1.377208 -0.029496 0.034032 0.007334 -0.762136 0.646480
4158241.183014 1.246408 1.520006 -0.030348 0.038535 0.001908 -0.754609 0.655040
4158241.282941 0.981071 1.527412 -0.030032 0.030343 -0.008260 -0.748565 0.662316
4158241.382889 0.820158 1.499270 -0.004687 0.014140 -0.006368 -0.748158 0.663340
4158241.482069 0.845363 1.383621 -0.008577 0.020030 -0.001818 -0.762413 0.646779
4158241.581871 0.905008 1.297074 -0.007225 0.031605 0.004777 -0.782069 0.622372
4158241.682829 0.951865 1.254194 0.005669 0.034904 -0.006955 -0.804187 0.593310
4158241.782758 0.945328 1.325768 -0.002308 0.034926 -0.028728 -0.823087 0.566111
4158241.882359 0.869291 1.466139 -0.006275 0.028143 -0.025264 -0.826822 0.561190
4158241.981909 0.753549 1.591581 -0.030284 0.032878 -0.006056 -0.808847 0.587068
4158242.082818 0.596813 1.737464 -0.073245 0.043819 0.007540 -0.795250 0.604649
4158242.181866 0.409404 1.869021 -0.056024 0.034892 0.002621 -0.785140 0.618329
4158242.282802 0.287372 1.878092 -0.034461 0.010533 0.013450 -0.772036 0.635349
4158242.382760 0.385738 1.791116 0.000673 -0.000479 0.020273 -0.779921 0.625550
4158242.482925 0.455986 1.665032 -0.009063 0.008433 0.019632 -0.792098 0.610019
4158242.582805 0.480279 1.589052 -0.044552 0.027126 0.004811 -0.805090 0.592513
4158242.682709 0.602531 1.525105 -0.070041 0.027150 -0.004766 -0.816773 0.576300
4158242.781874 0.717277 1.449238 -0.076352 0.025645 -0.016003 -0.827108 0.561229
4158242.881865 0.679086 1.308866 -0.044333 0.025838 -0.017680 -0.821557 0.569266
4158242.982729 0.675716 1.174116 0.036820 0.023463 -0.007380 -0.802290 0.596428
4158243.082753 0.674820 1.120754 0.036231 0.021821 0.005421 -0.788436 0.614705
4158243.182902 0.708629 1.056224 -0.014731 0.023107 0.011129 -0.773593 0.633164
4158243.281998 0.733911 1.020828 -0.070623 0.021010 0.009778 -0.761085 0.648238
4158243.382917 0.849944 0.814380 -0.035774 0.015043 0.002585 -0.743292 0.668793
4158243.482680 1.002302 0.624885 0.027956 0.012225 -0.004343 -0.727471 0.686016
4158243.582675 1.234424 0.491767 0.093266 0.014125 -0.006153 -0.721107 0.692652
4158243.682876 1.361265 0.362454 0.084271 0.021381 -0.008027 -0.720790 0.692778
4158243.782821 1.407305 0.279138 0.020933 0.028651 -0.026327 -0.724486 0.688190
4158243.881955 1.446143 0.193530 -0.028577 0.034629 -0.042409 -0.731141 0.680025
4158243.982857 1.369158 0.234318 -0.012965 0.041685 -0.035081 -0.734012 0.676947
4158244.082692 1.305167 0.262233 -0.014900 0.046563 -0.033274 -0.730658 0.680341
4158244.182707 1.096200 0.486063 -0.007441 0.026563 0.007240 -0.725637 0.687527
4158244.281848 0.895922 0.703509 -0.002802 0.011727 0.024175 -0.725661 0.687527
4158244.382715 0.609690 0.839525 0.037201 0.002380 0.020300 -0.729835 0.683318
4158244.483026 0.368706 0.989348 0.044119 -0.002968 0.012253 -0.734653 0.678325
4158244.582846 0.269142 1.136279 0.024025 0.007751 0.013561 -0.755172 0.655341
4158244.682753 0.197000 1.160062 -0.018244 0.023742 0.013476 -0.777423 0.628386
4158244.782715 0.174279 1.046896 -0.043506 0.030618 0.006497 -0.800040 0.599130
4158244.881896 0.170852 0.955603 -0.050591 0.025666 -0.006174 -0.822549 0.568081
4158244.982838 0.075367 0.765454 -0.021320 0.025018 -0.020266 -0.831893 0.554002
4158245.082712 0.082691 0.556029 -0.021733 0.037813 -0.025860 -0.805947 0.590212
4158245.181923 0.257979 0.461062 -0.048018 0.045800 -0.022000 -0.769750 0.636320
4158245.281611 0.481138 0.455467 -0.043330 0.039262 0.004785 -0.731856 0.680311
4158245.382792 0.689660 0.470856 -0.034606 0.021453 0.026901 -0.691192 0.721851
4158245.482794 0.875388 0.512607 -0.013525 -0.003282 0.034525 -0.652334 0.757138
4158245.582753 0.952616 0.562909 0.011926 -0.016708 0.013252 -0.619483 0.784720
4158245.682699 1.164839 0.629165 0.011880 -0.006524 -0.000902 -0.603469 0.797359
4158245.782835 1.480428 0.710375 -0.005259 0.014369 0.010363 -0.622924 0.782082
4158245.882785 1.726245 0.748937 -0.064108 0.042162 0.011821 -0.652990 0.756100
4158245.982718 1.644681 0.750512 -0.111789 0.057578 -0.017703 -0.668314 0.741436
4158246.082091 1.494559 0.742433 -0.090017 0.059928 -0.048922 -0.681323 0.727883
4158246.182675 1.150905 0.445468 -0.017044 0.042879 -0.055003 -0.678158 0.731599
4158246.282774 0.735721 0.087223 0.060387 0.026125 -0.061709 -0.666440 0.742541
4158246.381764 0.340619 -0.246468 0.140411 0.004706 -0.064597 -0.652161 0.755308
4158246.482812 -0.035690 -0.530753 0.193714 -0.007250 -0.069836 -0.639416 0.765649
4158246.582708 -0.194534 -0.770023 0.148566 -0.002928 -0.047392 -0.620791 0.782537
4158246.683977 -0.033062 -1.003833 0.028902 0.004527 0.000440 -0.604797 0.796366
4158246.782692 0.290435 -1.071470 -0.013467 -0.000236 0.037341 -0.589246 0.807091
4158246.882660 0.541725 -0.967259 0.017783 -0.006290 0.035077 -0.582130 0.812314
4158246.981762 0.844598 -0.821412 0.068993 -0.008048 0.019233 -0.571351 0.820441
4158247.082828 1.038423 -0.593065 0.055716 0.008628 -0.008842 -0.569988 0.821560
4158247.182659 1.285918 -0.347908 0.009275 0.028342 -0.035184 -0.562591 0.825500
4158247.282929 1.496850 -0.116580 0.072472 0.033456 -0.048956 -0.552368 0.831489
4158247.382631 1.675080 -0.000181 0.080395 0.025201 -0.029990 -0.530051 0.847061
4158247.481804 1.698692 0.127764 0.055145 0.016100 -0.011894 -0.512746 0.858307
4158247.582808 1.707089 0.261195 0.022275 0.008418 0.007759 -0.500474 0.865676
4158247.683184 1.723092 0.328589 0.001283 0.000066 0.019652 -0.495911 0.868151
4158247.782782 1.736294 0.292745 0.019498 -0.001175 0.021493 -0.484509 0.874521
4158247.882739 1.709072 0.250042 0.000306 0.005344 0.021739 -0.457742 0.888803
4158247.982741 1.559635 0.132504 -0.007622 0.011869 0.021114 -0.432490 0.901313
4158248.082816 1.440672 0.013723 0.018892 0.006888 0.014314 -0.410584 0.911684
4158248.182911 1.347448 -0.125003 0.020244 0.000334 -0.002467 -0.419072 0.907950
4158248.283201 1.286173 -0.207151 0.017022 -0.008924 -0.016019 -0.451710 0.891976
4158248.381793 1.284245 -0.289672 -0.002013 0.001746 -0.023878 -0.482433 0.875605
4158248.482729 1.206850 -0.324313 -0.024320 0.013213 -0.027679 -0.511414 0.858787
4158248.582604 0.911249 -0.476552 -0.008820 0.023558 -0.022372 -0.510335 0.859362
4158248.682765 0.463239 -0.669780 -0.001972 0.024739 -0.013592 -0.476993 0.878454
4158248.781774 0.082049 -0.995317 -0.006552 0.014091 -0.009974 -0.441997 0.896850
4158248.882572 -0.081313 -1.185389 -0.025095 -0.004287 -0.018387 -0.414259 0.909963
4158248.982760 -0.075487 -1.384112 0.045173 -0.032365 -0.003354 -0.392985 0.918969
4158249.082617 -0.016139 -1.461077 0.119771 -0.044661 0.029842 -0.395416 0.916930
4158249.182637 -0.014367 -1.494672 0.104156 -0.031059 0.047347 -0.399430 0.915013
4158249.281832 0.002871 -1.463428 0.067986 -0.021838 0.045811 -0.401089 0.914632
4158249.382699 0.086746 -1.364748 -0.016480 -0.006027 0.021621 -0.369664 0.928894
4158249.482894 0.168027 -1.308935 -0.032865 0.010004 0.002977 -0.309168 0.950950
4158249.582555 0.262729 -1.263213 -0.039214 0.030150 -0.002208 -0.242926 0.969574
4158249.682639 0.404640 -1.135309 -0.055735 0.030878 -0.007426 -0.176445 0.983798
4158249.782847 0.546486 -0.767347 -0.075804 0.027912 -0.003270 -0.124887 0.991773
4158249.881749 0.658063 -0.405538 -0.053787 0.018400 0.001451 -0.076509 0.996898
4158249.982602 0.847164 -0.028049 -0.033713 0.011283 0.004742 -0.072167 0.997317
4158250.082861 1.126989 0.047521 -0.081398 0.011497 0.011910 -0.095673 0.995275
4158250.182786 1.449180 -0.059833 -0.049288 0.006689 0.001708 -0.117467 0.993053
4158250.282602 1.698856 -0.261371 0.015772 0.003313 -0.013171 -0.142042 0.989767
4158250.382843 2.030076 -0.698303 0.058546 -0.001470 -0.028318 -0.138396 0.989971
4158250.482560 2.134418 -1.208819 0.081150 -0.011259 -0.053189 -0.127752 0.990315
4158250.582630 2.233054 -1.708389 0.176177 -0.025891 -0.069614 -0.105460 0.991646
4158250.682544 2.313407 -2.211264 0.272615 -0.027723 -0.079196 -0.086627 0.992701
4158250.782756 2.438431 -2.617207 0.397403 -0.028606 -0.072150 -0.068041 0.994659
4158250.882589 2.534072 -2.566373 0.513707 -0.019055 -0.036444 -0.079043 0.996023
4158250.982847 2.566398 -2.389126 0.605439 -0.014007 -0.016308 -0.089779 0.995730
4158251.082772 2.577207 -2.182835 0.602525 -0.011743 -0.015101 -0.093989 0.995389
4158251.182715 2.441889 -1.864059 0.562886 -0.014071 -0.014466 -0.092955 0.995466
4158251.282510 2.342949 -1.517044 0.364694 -0.012041 -0.006097 -0.077536 0.996898
4158251.382730 2.207516 -1.241265 0.094923 -0.007049 -0.016227 -0.069695 0.997411
4158251.482637 2.083830 -0.974816 -0.182873 0.000424 -0.027136 -0.061291 0.997751
4158251.582536 1.950375 -0.700688 -0.199746 0.001686 -0.009536 -0.052549 0.998571
4158251.682726 1.846463 -0.365898 -0.015909 -0.017234 0.045812 -0.072570 0.996162
4158251.782713 1.715657 -0.068902 0.089699 -0.022300 0.074082 -0.093892 0.992572
4158251.881877 1.637109 0.014313 0.104122 -0.014957 0.051540 -0.112699 0.992179
4158251.982681 1.435939 -0.103597 0.025750 0.004719 -0.001199 -0.131694 0.991279
4158252.082690 1.186727 -0.252761 -0.099934 0.024104 -0.053813 -0.147109 0.987361
4158252.182600 1.074076 -0.391174 -0.126444 0.022248 -0.052195 -0.156989 0.985969
4158252.282624 1.027147 -0.535989 -0.128091 0.017978 -0.040632 -0.160937 0.985964
4158252.382719 1.017021 -0.720967 -0.112922 0.012423 -0.032932 -0.164384 0.985768
4158252.482549 1.068603 -0.892663 -0.040537 -0.001267 -0.020964 -0.163509 0.986318
4158252.582756 1.176595 -1.054620 0.063775 -0.019438 0.011074 -0.162452 0.986463
4158252.682655 1.269860 -1.153010 0.168348 -0.033973 0.033105 -0.164476 0.985240
4158252.782496 1.308731 -1.303318 0.185710 -0.034178 0.035003 -0.165011 0.985078
4158252.882618 1.256133 -1.480752 0.111379 -0.026357 0.046100 -0.169839 0.984040
4158252.982680 1.038242 -1.614237 -0.042128 0.000034 0.019238 -0.169916 0.985271
4158253.082753 0.981109 -1.696722 -0.161598 0.021808 -0.017204 -0.156942 0.987217
4158253.182778 1.042673 -1.728440 -0.085369 0.026787 -0.014272 -0.139748 0.989722
4158253.282540 1.130344 -1.757213 -0.009504 0.021115 -0.011721 -0.123378 0.992066
4158253.382507 1.242394 -1.767792 0.004917 0.005554 0.007692 -0.116585 0.993135
4158253.482663 1.409026 -1.739959 -0.013044 -0.005524 0.023671 -0.128360 0.991430
4158253.582826 1.503634 -1.773472 -0.068106 -0.010464 0.039924 -0.151955 0.987525
4158253.682752 1.580648 -1.794486 -0.012600 -0.016499 0.038088 -0.175230 0.983652
4158253.782604 1.572558 -1.842863 0.009086 -0.016918 0.027944 -0.190230 0.981196
4158253.882581 1.304018 -1.781078 0.063903 -0.014637 -0.015596 -0.192688 0.981027
4158253.982679 1.066025 -1.741944 0.023002 0.000474 -0.047303 -0.184580 0.981678
4158254.082663 0.882211 -1.736087 -0.000879 0.010436 -0.064523 -0.172150 0.982900
4158254.182785 0.809352 -1.719008 -0.087706 0.018835 -0.069467 -0.157449 0.984901
4158254.282698 0.885220 -1.685041 -0.154579 0.014004 -0.043087 -0.155152 0.986851
4158254.382585 0.998303 -1.590271 -0.191012 0.006389 -0.013025 -0.159389 0.987109
4158254.482631 1.103242 -1.513948 -0.232012 0.002611 -0.006037 -0.162095 0.986753
4158254.582794 1.153510 -1.482198 -0.170142 -0.002443 -0.017248 -0.171911 0.984959
4158254.682551 1.198418 -1.514184 0.047930 -0.014215 -0.030599 -0.176918 0.983647
4158254.782601 1.278317 -1.580591 0.220452 -0.024097 -0.042700 -0.177461 0.982906
4158254.882720 1.336993 -1.658015 0.388607 -0.033862 -0.055803 -0.178962 0.981688
4158254.982707 1.393895 -1.745402 0.370065 -0.034244 -0.077814 -0.180770 0.979844
4158255.082588 1.464874 -1.816510 0.251081 -0.027691 -0.087362 -0.181100 0.979185
4158255.182688 1.516598 -1.862858 0.073744 -0.019321 -0.099227 -0.183229 0.977859
4158255.282627 1.548715 -1.839608 -0.024886 -0.016970 -0.101587 -0.190133 0.976341
4158255.382643 1.559881 -1.769876 0.068343 -0.028276 -0.075259 -0.197490 0.977003
4158255.482713 1.489840 -1.712550 0.116170 -0.029520 -0.043765 -0.208706 0.976553
4158255.582663 1.446209 -1.657251 0.183146 -0.034604 -0.007715 -0.221188 0.974587
4158255.682434 1.404777 -1.591179 0.265684 -0.037631 0.017993 -0.233227 0.971527
4158255.782709 1.436287 -1.652456 0.310403 -0.024281 0.017598 -0.231092 0.972470
4158255.882659 1.487776 -1.866406 0.237114 -0.000462 0.000435 -0.214395 0.976747
4158255.982793 1.459655 -2.106684 0.098477 0.019040 -0.027080 -0.184327 0.982307
4158256.082665 1.480079 -2.307106 -0.065983 0.032389 -0.062547 -0.153027 0.985709
4158256.182569 1.499584 -2.431349 -0.074490 0.021363 -0.049403 -0.122034 0.991065
4158256.282432 1.584585 -2.561624 -0.035072 0.002083 -0.018203 -0.109049 0.993867
4158256.382654 1.818767 -2.675202 0.009723 -0.014113 0.035808 -0.134850 0.990118
4158256.482704 1.998400 -2.731113 0.042059 -0.006905 0.036735 -0.176147 0.983654
4158256.582422 2.061160 -2.731907 -0.013082 0.009758 0.014403 -0.216656 0.976093
4158256.682640 2.133473 -2.653448 0.011662 0.019790 -0.020047 -0.250222 0.967779
4158256.782644 2.320690 -2.406716 0.061151 0.023095 -0.060450 -0.254992 0.964775
4158256.882751 2.462041 -2.243439 0.066732 0.016971 -0.078794 -0.244934 0.966184
4158256.982718 2.527011 -2.094685 0.011234 0.012004 -0.088828 -0.238485 0.967001
4158257.082540 2.576520 -1.954654 -0.038377 0.006565 -0.099070 -0.231991 0.967637
4158257.182417 2.620694 -1.837438 -0.048495 -0.000543 -0.104595 -0.223543 0.969066
4158257.282601 2.624508 -1.626200 0.065264 -0.014614 -0.085441 -0.213981 0.972984
4158257.382651 2.608417 -1.394937 0.151164 -0.028192 -0.063634 -0.205039 0.976276
4158257.482453 2.536805 -1.237681 0.336111 -0.045951 -0.049836 -0.192844 0.978885
4158257.582593 2.420490 -1.135765 0.394413 -0.052284 -0.045918 -0.184531 0.980360
4158257.682615 2.436345 -1.137268 0.326211 -0.045859 -0.048295 -0.175680 0.982192
4158257.782552 2.513154 -1.206715 0.216955 -0.031008 -0.040582 -0.166327 0.984747
4158257.882600 2.551236 -1.288465 0.064615 -0.013715 -0.034133 -0.158832 0.986620
4158257.982570 2.647652 -1.347485 -0.063655 0.002512 -0.023306 -0.144880 0.989172
4158258.082465 2.740934 -1.331563 -0.102572 0.012190 -0.025420 -0.129577 0.991168
4158258.182600 2.816457 -1.293646 -0.164100 0.023098 -0.028653 -0.115003 0.992683
4158258.282554 2.816889 -1.283002 -0.127972 0.025348 -0.013164 -0.097778 0.994798
4158258.382700 2.784633 -1.341757 -0.083330 0.026052 -0.002096 -0.063643 0.997630
4158258.482555 2.760596 -1.384236 -0.074200 0.025401 0.000844 -0.029838 0.999232
4158258.582539 2.723251 -1.424179 -0.083268 0.023600 -0.001367 0.003869 0.999713
4158258.682689 2.657473 -1.450086 -0.028713 0.014871 -0.005710 0.037769 0.999160
4158258.782612 2.565656 -1.422972 -0.017488 0.001666 -0.030151 0.068427 0.997199
4158258.882496 2.400510 -1.398981 -0.061733 -0.009692 -0.042586 0.095423 0.994478
4158258.982475 2.314532 -1.297093 0.053520 -0.031249 -0.011784 0.119314 0.992295
4158259.082589 2.326575 -1.191030 0.178514 -0.034243 0.014181 0.113130 0.992889
4158259.182606 2.393720 -1.150922 0.193416 -0.027522 0.031878 0.098170 0.994278
4158259.282770 2.486638 -1.164856 0.110921 -0.016263 0.040936 0.084863 0.995418
4158259.382618 2.634837 -1.243536 -0.008785 -0.000987 0.049647 0.074870 0.995956
4158259.482559 2.742772 -1.314875 -0.018542 0.007888 0.048149 0.062397 0.996858
4158259.580735 2.830590 -1.373365 -0.017776 0.012955 0.037349 0.049295 0.998002
4158259.682587 2.840374 -1.426898 0.005601 0.011498 0.014190 0.043599 0.998882
4158259.782578 2.701594 -1.496728 -0.023908 0.009166 -0.014355 0.043108 0.998925
4158259.882717 2.603144 -1.593197 -0.054265 0.012369 -0.034745 0.050372 0.998049
4158259.982644 2.592157 -1.591059 -0.044992 0.015043 -0.022302 0.079117 0.996502
4158260.082536 2.605353 -1.580061 -0.011545 0.016317 -0.004171 0.107792 0.994031
4158260.182519 2.579611 -1.552160 -0.001430 0.019428 0.001241 0.133830 0.990813
4158260.282510 2.555425 -1.590403 0.007622 0.021350 -0.009700 0.159949 0.986847
4158260.382507 2.569741 -1.536189 -0.007545 0.017025 -0.027314 0.191005 0.981061
4158260.482663 2.522599 -1.451548 -0.026444 0.009086 -0.045817 0.217541 0.974933
4158260.582566 2.497917 -1.364463 -0.029660 0.005902 -0.055217 0.246068 0.967661
4158260.682655 2.489762 -1.217670 0.033427 -0.005054 -0.030670 0.271225 0.962014
4158260.782672 2.425884 -1.063561 0.084679 -0.013303 -0.009686 0.292762 0.956044
4158260.882750 2.378621 -0.947331 0.101175 -0.021678 0.015222 0.313762 0.949132
4158260.982799 2.404935 -1.007154 0.101786 -0.031073 0.014945 0.324178 0.945368
4158261.082872 2.454535 -1.090622 0.065112 -0.036584 0.015823 0.332153 0.942383
4158261.182652 2.500962 -1.160298 0.013845 -0.036036 0.014984 0.340216 0.939537
4158261.282609 2.536619 -1.217190 -0.039883 -0.034339 0.019668 0.348293 0.936550
4158261.382620 2.571887 -1.209015 -0.083186 -0.029823 0.023705 0.353485 0.934664
4158261.482590 2.662379 -1.160792 -0.073242 -0.027029 0.026256 0.367780 0.929149
4158261.582490 2.757002 -1.148184 -0.013696 -0.020368 0.014856 0.384908 0.922611
4158261.682380 2.816712 -1.145016 0.031181 -0.011571 0.004834 0.400784 0.916087
4158261.782401 2.896403 -1.154321 0.077746 -0.005428 -0.002966 0.416296 0.909208
4158261.882491 3.010660 -1.167990 0.096099 0.006141 -0.003098 0.431124 0.902267
4158261.982589 3.155671 -1.173947 0.086572 0.018188 0.002595 0.444141 0.895768
4158262.082541 3.273708 -1.181490 0.079644 0.012415 -0.008188 0.456349 0.889677
4158262.182545 3.381532 -1.150899 0.039043 0.007416 -0.025138 0.470550 0.881984
4158262.282560 3.425325 -1.147239 -0.001927 -0.000125 -0.032303 0.482210 0.875460
4158262.382556 3.352781 -1.164007 -0.021225 -0.002339 -0.017112 0.489901 0.871607
4158262.482487 3.278782 -1.203568 0.023194 -0.007275 0.008232 0.494714 0.868986
4158262.582553 3.240267 -1.256080 0.078904 -0.014174 0.028296 0.499626 0.865663
4158262.682514 3.207906 -1.267355 0.092667 -0.028478 0.031547 0.496632 0.866920
4158262.782468 3.204235 -1.275653 0.033990 -0.034100 0.029382 0.498867 0.865509
4158262.882587 3.142823 -1.323120 0.062444 -0.051351 0.015592 0.504561 0.861706
4158262.982472 3.077183 -1.459639 0.147001 -0.066680 0.007725 0.507258 0.859176
4158263.082472 2.975624 -1.557114 0.245764 -0.072655 0.002267 0.507891 0.858349
4158263.182485 2.929921 -1.628595 0.307710 -0.069741 -0.002802 0.514087 0.854893
4158263.282464 2.981685 -1.635491 0.288321 -0.063963 -0.008405 0.527396 0.847167
4158263.382521 3.108025 -1.631515 0.245927 -0.055918 -0.012917 0.543337 0.837551
4158263.482577 3.243114 -1.628889 0.170410 -0.045830 -0.012658 0.559029 0.827783
4158263.582407 3.364376 -1.592936 0.104065 -0.033294 -0.012278 0.573624 0.818349
4158263.682585 3.414982 -1.519410 0.019965 -0.014757 0.000654 0.584406 0.811327
4158263.782561 3.412091 -1.424190 -0.026257 -0.000024 0.013449 0.594591 0.803916
4158263.882366 3.347744 -1.342958 -0.026220 0.006300 0.022065 0.598905 0.800492
4158263.982405 3.289079 -1.266938 -0.041994 0.016929 0.031133 0.599422 0.799648
4158264.082553 3.251573 -1.230386 -0.032866 0.024378 0.043693 0.597098 0.800606
4158264.182431 3.241828 -1.181317 -0.058847 0.028456 0.048753 0.594463 0.802139
4158264.282441 3.251057 -1.114026 -0.087947 0.025955 0.049616 0.594263 0.802319
4158264.382405 3.256308 -1.048285 -0.066194 0.009985 0.033984 0.594807 0.803088
4158264.482456 3.228730 -1.003592 -0.038019 -0.011606 0.009288 0.593194 0.804923
4158264.582563 2.874451 -1.146904 0.039946 -0.031898 -0.028313 0.580867 0.812880
4158264.682534 2.556498 -1.232799 -0.013950 -0.031036 -0.051676 0.572718 0.817533
4158264.782453 2.279043 -1.308378 -0.066412 -0.012251 -0.060567 0.571775 0.818080
4158264.882531 2.042369 -1.364884 0.006503 -0.003397 -0.059396 0.577349 0.814327
4158264.982421 1.916772 -1.448310 0.087286 -0.013194 -0.053568 0.602303 0.796359
4158265.082443 1.880359 -1.553742 0.047775 -0.023530 -0.049676 0.636786 0.769079
4158265.182554 1.932732 -1.569805 0.026924 -0.047235 -0.057448 0.686570 0.723250
4158265.282375 1.898261 -1.508642 0.074471 -0.068589 -0.064299 0.733337 0.673333
4158265.382443 1.877512 -1.461106 0.112385 -0.077870 -0.065597 0.776081 0.622359
4158265.482379 1.967004 -1.422314 0.134571 -0.084871 -0.053918 0.819941 0.563547
4158265.582379 2.092475 -1.366630 0.159588 -0.080998 -0.029773 0.859735 0.503397
4158265.682483 2.255262 -1.241436 0.088808 -0.065016 0.000621 0.894591 0.442131
4158265.782522 2.387691 -1.105368 0.004647 -0.056010 0.018823 0.925248 0.374733
4158265.882384 2.601679 -0.999342 0.040291 -0.053465 0.029981 0.953768 0.294228
4158265.982425 2.788424 -0.908660 0.101361 -0.039758 0.034091 0.974771 0.216978
4158266.082408 2.956983 -0.827285 0.095164 -0.023119 0.023693 0.989190 0.142854
4158266.182509 3.210445 -0.795208 -0.024415 0.004937 -0.000410 0.996896 0.078579
4158266.282394 3.470512 -0.737912 -0.125267 0.028189 -0.023947 0.999207 0.014754
4158266.382513 3.842952 -0.801147 -0.146162 0.033167 -0.026851 0.998948 -0.016817
4158266.482347 3.986853 -0.907040 -0.118547 0.019488 -0.023261 0.999524 -0.005495
4158266.582424 4.037197 -1.077987 -0.067304 0.004085 -0.020237 0.999719 0.011639
4158266.682406 4.060490 -1.272423 -0.023508 -0.009759 -0.017176 0.999333 0.030720
4158266.782444 4.097663 -1.460917 0.080582 -0.024631 -0.004259 0.998771 0.042805
4158266.882425 4.094076 -1.699999 0.265062 -0.062061 0.001438 0.996311 0.059257
4158266.982365 4.062783 -1.952740 0.446425 -0.100910 0.006394 0.992225 0.072560
4158267.082529 3.928331 -2.247849 0.585182 -0.123060 0.012317 0.988437 0.087734
4158267.182369 3.789289 -2.581661 0.678044 -0.126697 0.018021 0.986333 0.103777
4158267.282474 3.673752 -2.892668 0.662932 -0.120190 0.016238 0.985379 0.119661
4158267.382342 3.682246 -3.064138 0.622249 -0.099828 0.019281 0.986802 0.126031
4158267.482374 3.716567 -3.098164 0.609321 -0.096859 0.025009 0.985738 0.135326
4158267.582518 3.688681 -3.091899 0.672149 -0.103856 0.034494 0.982943 0.147808
4158267.682499 3.616730 -3.087846 0.719817 -0.116469 0.043392 0.978966 0.161793
4158267.782403 3.549788 -3.082485 0.715025 -0.120503 0.047014 0.976548 0.172111
4158267.882478 3.479651 -3.073585 0.694591 -0.122406 0.050087 0.974606 0.180695
4158267.982473 3.455357 -3.027192 0.684969 -0.124328 0.054625 0.973304 0.185035
4158268.082435 3.511591 -2.983178 0.652520 -0.118302 0.048726 0.976670 0.172471
4158268.182469 3.563986 -2.972261 0.628535 -0.111549 0.041582 0.979470 0.162684
4158268.282377 3.565670 -2.942704 0.620038 -0.105425 0.036097 0.981662 0.154671
4158268.382393 3.547467 -2.932759 0.580328 -0.103315 0.023671 0.983531 0.146397
4158268.482481 3.566677 -2.898751 0.495299 -0.097728 0.010345 0.985586 0.137705
4158268.582432 3.545139 -2.835919 0.388088 -0.092533 -0.003948 0.986722 0.133420
4158268.682374 3.534938 -2.821951 0.371164 -0.093061 -0.010167 0.987077 0.130061
4158268.782327 3.523399 -2.853895 0.392273 -0.094484 -0.010035 0.987472 0.125983
4158268.882421 3.532793 -2.878595 0.389947 -0.089324 -0.009533 0.988490 0.121725
4158268.982411 3.527781 -2.903702 0.387784 -0.085824 -0.007683 0.988742 0.122330
4158269.082457 3.548374 -2.936537 0.380347 -0.076192 -0.002972 0.988984 0.126873
4158269.182375 3.516746 -2.921354 0.329863 -0.064934 0.001659 0.988712 0.135013
4158269.282366 3.499653 -2.881663 0.315933 -0.061082 0.006840 0.987908 0.142335
4158269.382287 3.439488 -2.798241 0.258441 -0.059941 0.012101 0.986646 0.150966
4158269.482341 3.351307 -2.701000 0.172414 -0.062248 0.008619 0.984487 0.163815
4158269.582315 3.247453 -2.598056 0.097698 -0.071005 0.003934 0.983535 0.166138
4158269.682257 3.106952 -2.414250 0.052959 -0.074771 -0.003867 0.984636 0.157755
4158269.782279 2.924301 -2.212278 0.081384 -0.067334 -0.008903 0.986407 0.149630
4158269.882340 2.639960 -1.979153 0.115962 -0.055829 -0.015308 0.987378 0.147421
4158269.982463 2.349114 -1.726499 0.119825 -0.044041 -0.018675 0.988652 0.142403
4158270.082379 2.040696 -1.514565 0.091342 -0.030587 -0.021988 0.989532 0.139312
4158270.182323 1.761577 -1.298801 0.032800 -0.010486 -0.028451 0.990245 0.135995
4158270.282452 1.559603 -1.191602 -0.060544 0.014870 -0.030245 0.990732 0.131583
4158270.382394 1.416344 -1.226454 -0.164887 0.026254 -0.032602 0.991262 0.125093
4158270.482308 1.376153 -1.249672 -0.064873 0.021956 -0.024059 0.993048 0.113113
4158270.582448 1.356256 -1.246111 0.047850 0.021095 -0.015380 0.993273 0.112811
4158270.682424 1.430965 -1.322062 0.174675 0.014471 -0.005950 0.992553 0.120804
4158270.782325 1.566433 -1.380021 0.262084 0.016724 0.005266 0.991292 0.130511
4158270.882375 1.751025 -1.386057 0.332318 0.013713 0.017185 0.990706 0.134233
4158270.982401 1.908861 -1.379099 0.375036 0.008810 0.029211 0.989731 0.139649
4158271.082305 2.011797 -1.350125 0.419646 -0.001176 0.041578 0.988281 0.146871
4158271.182429 2.024956 -1.315573 0.457775 -0.015193 0.054034 0.985575 0.159659
4158271.282436 1.964997 -1.199264 0.393694 -0.022473 0.060312 0.982351 0.175622
4158271.382286 1.877688 -1.112879 0.257547 -0.043004 0.058590 0.979480 0.187981
4158271.482286 1.781617 -1.082261 0.065007 -0.070366 0.042371 0.977185 0.195864
4158271.582391 1.843166 -0.971510 -0.008845 -0.079180 0.028133 0.977272 0.194624
4158271.682339 1.982782 -0.895795 0.009347 -0.077335 0.019939 0.978564 0.189827
4158271.780266 2.107378 -0.868271 0.083635 -0.065411 0.011723 0.980584 0.184497
4158271.882337 2.212609 -0.878140 0.074622 -0.041294 -0.000468 0.982291 0.182752
4158271.982364 2.304892 -0.879344 0.059795 -0.018689 -0.013483 0.983146 0.181362
4158272.082370 2.378156 -0.865939 0.046746 -0.005917 -0.024391 0.983504 0.179139
4158272.182362 2.377816 -0.858517 0.060859 -0.004173 -0.031544 0.983980 0.175418
4158272.282325 2.255818 -0.895300 0.088619 -0.006517 -0.031557 0.986213 0.162312
4158272.382272 2.056503 -0.935060 0.050159 0.003391 -0.031165 0.987770 0.152736
4158272.482344 1.883385 -0.932649 0.003185 0.003420 -0.030450 0.988902 0.145377
4158272.582357 1.740854 -0.904210 -0.050135 0.002041 -0.028903 0.990671 0.133157
4158272.682345 1.577234 -0.876969 -0.024819 0.014144 -0.020493 0.991951 0.124153
4158272.782322 1.421763 -0.847984 -0.016533 0.025067 -0.015342 0.992815 0.115993
4158272.882360 1.268820 -0.794163 0.016044 0.037111 -0.008885 0.993647 0.105874
4158272.982312 1.134427 -0.743414 0.000396 0.047156 -0.003943 0.994250 0.096063
4158273.082269 1.057487 -0.674098 0.044412 0.040874 0.005846 0.995652 0.083495
4158273.182291 0.968654 -0.574913 0.075838 0.033579 0.014784 0.996571 0.074162
4158273.282351 0.881589 -0.481352 0.080680 0.025292 0.014133 0.997642 0.062220
4158273.382324 0.783641 -0.389692 0.113247 0.018845 0.015779 0.998245 0.053882
4158273.482278 0.737267 -0.311355 0.145154 0.011559 0.017514 0.998814 0.043933
4158273.582451 0.716279 -0.229003 0.172855 0.007695 0.023191 0.998364 0.051690
4158273.682245 0.694023 -0.177775 0.148966 0.005602 0.022004 0.998123 0.056882
4158273.782261 0.707975 -0.175295 0.152969 0.004089 0.020338 0.997947 0.060586
4158273.882410 0.689175 -0.192421 0.109126 0.003511 0.016516 0.997819 0.063817
4158273.982296 0.668498 -0.261200 -0.021475 -0.003884 0.010974 0.997993 0.062242
4158274.082199 0.687349 -0.351925 -0.135605 -0.010593 0.006216 0.998317 0.056682
4158274.182209 0.727063 -0.453977 -0.114721 -0.006469 0.000235 0.998559 0.053273
4158274.282255 0.821417 -0.603257 -0.014552 -0.006800 -0.003984 0.998803 0.048273
4158274.382251 0.967290 -0.763018 0.068335 -0.006945 -0.008944 0.999242 0.037243
4158274.482298 1.141615 -0.933118 0.137534 -0.000885 -0.015842 0.999552 0.025384
4158274.582271 1.315034 -1.062131 0.117090 0.012022 -0.027817 0.999500 0.008977
4158274.682218 1.523052 -1.154683 0.041604 0.031569 -0.036665 0.998761 -0.011668
4158274.782214 1.747159 -1.199642 0.024042 0.037557 -0.031503 0.998244 -0.033262
4158274.882314 1.982243 -1.179316 -0.007630 0.038769 -0.024248 0.997234 -0.058602
4158274.982165 2.172121 -1.192635 0.016356 0.011285 -0.010659 0.996618 -0.080688
4158275.082323 2.356827 -1.186264 0.009283 -0.013341 -0.004878 0.995100 -0.097847
4158275.182325 2.482683 -1.238385 0.122120 -0.054495 0.006851 0.993060 -0.103998
4158275.282179 2.520355 -1.271080 0.170330 -0.082600 0.016122 0.993036 -0.082441
4158275.382154 2.538277 -1.175908 0.217237 -0.090497 0.021866 0.993998 -0.057446
4158275.482159 2.614985 -1.109331 0.264319 -0.087130 0.026462 0.995274 -0.033739
4158275.582153 2.547423 -1.027239 0.103469 -0.075508 0.016322 0.996997 -0.005475
4158275.682177 1.959726 -0.960707 -0.002694 -0.062262 0.005511 0.997809 0.021675
4158275.782127 1.208219 -0.857444 -0.009628 -0.041408 0.003868 0.998166 0.043983
4158275.882167 0.444404 -0.710655 0.004826 -0.025775 0.004301 0.997385 0.067386
4158275.982253 -0.008431 -0.644122 -0.019834 -0.015594 0.004715 0.997035 0.075201
4158276.082312 -0.073983 -0.599873 0.030812 0.008828 0.017450 0.994472 0.103164
4158276.182200 0.024293 -0.584063 0.173242 0.031025 0.040620 0.986061 0.158341
4158276.282151 0.174007 -0.556527 0.290446 0.045996 0.061661 0.974181 0.212260
4158276.382236 0.290198 -0.626510 0.341800 0.068264 0.061049 0.961040 0.260799
4158276.482174 0.195227 -0.662982 0.265474 0.034549 0.029925 0.958574 0.281153
4158276.582145 -0.035475 -0.657466 0.102169 -0.029083 -0.010199 0.956138 0.291292
4158276.682247 -0.168543 -0.709721 -0.087878 -0.055959 -0.052081 0.953486 0.291584
4158276.782253 -0.203504 -0.721852 -0.112100 -0.006906 -0.064601 0.953818 0.293276
4158276.882286 -0.192141 -0.805101 0.058032 0.074881 -0.034137 0.953777 0.289028
4158276.982248 -0.040342 -0.936352 0.144304 0.100715 0.004919 0.954993 0.278963
4158277.082282 0.092327 -1.006198 0.142529 0.103901 0.037256 0.955043 0.275154
4158277.182161 0.135268 -1.032349 0.132909 0.090856 0.068952 0.953154 0.280159
4158277.282108 0.165697 -1.123778 0.176711 0.091233 0.088536 0.950117 0.284808
4158277.382184 0.168215 -1.176641 0.258198 0.072695 0.083657 0.951939 0.285532
4158277.482162 0.138566 -1.210162 0.304428 0.052050 0.067383 0.952530 0.292296
4158277.582180 0.089337 -1.200097 0.421387 0.031859 0.056257 0.950033 0.305380
4158277.682175 0.006828 -1.191812 0.545731 0.017161 0.051044 0.941039 0.333986
4158277.782162 0.047116 -1.242009 0.624574 0.003032 0.062636 0.906494 0.417535
4158277.882194 0.162584 -1.285925 0.614203 0.012139 0.066359 0.869990 0.488434
4158277.982146 0.305065 -1.378958 0.565663 0.025597 0.066443 0.832065 0.550089
4158278.082122 0.391108 -1.495286 0.463874 0.033178 0.073235 0.787421 0.611149
4158278.182201 0.494729 -1.652466 0.345237 0.024371 0.077504 0.746880 0.659977
4158278.282140 0.667604 -1.892743 0.209374 0.004210 0.067248 0.711626 0.699320
4158278.382069 0.919576 -2.030676 0.211996 -0.008293 0.054255 0.688230 0.723414
4158278.482176 1.039931 -2.016735 0.288586 -0.031236 0.048801 0.685667 0.725606
4158278.582191 1.139029 -1.993182 0.289188 -0.042453 0.057474 0.685855 0.724222
4158278.682081 1.143154 -1.969925 0.216716 -0.054552 0.053810 0.683056 0.726335
4158278.782158 1.159373 -1.938133 0.167338 -0.063657 0.042228 0.685539 0.724017
4158278.882134 1.173972 -1.887695 0.123168 -0.068312 0.029967 0.691577 0.718440
4158278.982142 1.167875 -1.828859 0.092396 -0.077707 0.016695 0.697926 0.711745
4158279.082169 1.155974 -1.680872 0.120293 -0.063348 0.007296 0.700695 0.710605
4158279.182110 1.178428 -1.536072 0.114640 -0.042852 0.013532 0.700017 0.712711
4158279.282223 1.200398 -1.347451 -0.001788 -0.019808 0.026613 0.693942 0.719267
4158279.382160 1.262355 -1.156699 -0.056243 -0.011200 0.032944 0.688578 0.724327
4158279.482132 1.357146 -1.029233 -0.037028 -0.020956 0.028597 0.689699 0.723227
4158279.582073 1.404922 -0.872467 -0.018790 -0.030607 0.023505 0.688502 0.724207
4158279.682139 1.414618 -0.727139 -0.015862 -0.045004 0.029526 0.694827 0.717160
4158279.782066 1.333443 -0.645123 0.034882 -0.036308 0.033626 0.696528 0.715821
4158279.882206 1.213679 -0.589689 0.116881 -0.022267 0.033937 0.696311 0.716592
4158279.982153 1.048984 -0.509897 0.122317 -0.005605 0.030056 0.692234 0.721025
4158280.082080 0.824726 -0.409375 0.086376 -0.009150 0.022391 0.682490 0.730494
4158280.182101 0.625669 -0.290267 0.022044 -0.014415 0.015596 0.672383 0.739898
4158280.282120 0.449912 -0.190907 -0.047370 -0.017891 0.009439 0.664070 0.747397
4158280.382047 0.287308 -0.128731 -0.137420 -0.028781 -0.000281 0.658862 0.751713
4158280.482108 0.136322 -0.018650 -0.122960 -0.035584 -0.001778 0.650333 0.758813
4158280.582125 0.041716 0.099518 -0.074583 -0.039571 0.000384 0.643001 0.764842
4158280.682051 0.030000 0.178056 -0.053717 -0.032846 0.006114 0.633987 0.772622
4158280.782058 0.033570 0.165652 -0.049458 -0.040154 0.017438 0.627037 0.777759
4158280.882170 0.049753 0.151646 -0.028132 -0.027866 0.022922 0.621263 0.782771
4158280.982187 0.046185 0.134805 0.003764 -0.021039 0.025835 0.619228 0.784504
4158281.082094 0.020794 0.156466 0.028108 -0.015590 0.028039 0.616585 0.786635
4158281.182193 0.017413 0.116440 0.043179 -0.010835 0.028186 0.615404 0.787633
4158281.282202 0.036550 0.079006 0.079729 -0.003001 0.030585 0.614000 0.788708
4158281.382030 0.085403 0.045327 0.090705 -0.001681 0.029565 0.611345 0.790810
4158281.482198 0.121938 0.032998 0.051071 -0.013245 0.022723 0.608466 0.793144
4158281.581987 0.159164 0.000140 -0.006276 -0.027921 0.014969 0.609636 0.792048
4158281.682116 0.174338 -0.041952 -0.056611 -0.036901 0.011020 0.612528 0.789510
4158281.781997 0.230544 -0.094314 -0.042379 -0.039677 0.010285 0.617630 0.785400
4158281.882166 0.270234 -0.132639 0.001108 -0.037170 0.012444 0.621906 0.782111
4158281.982145 0.306636 -0.169547 0.045151 -0.032873 0.015003 0.627593 0.777702
4158282.081995 0.348357 -0.232570 0.082171 -0.023513 0.017686 0.633232 0.773402
4158282.182059 0.371694 -0.314939 0.036828 -0.029382 0.011748 0.640742 0.767104
4158282.282010 0.393614 -0.343542 0.007807 -0.032341 0.010978 0.641651 0.766236
4158282.382135 0.406346 -0.331632 -0.026184 -0.030151 0.009543 0.640456 0.767343
4158282.482114 0.414471 -0.317630 -0.051495 -0.027739 0.009079 0.639326 0.768382
4158282.582116 0.348655 -0.331870 -0.057618 -0.018898 0.010575 0.639570 0.768428
4158282.682150 0.350110 -0.323319 -0.033172 -0.009935 0.014981 0.641525 0.766892
4158282.782108 0.342341 -0.334186 0.007973 -0.005417 0.021174 0.644499 0.764292
4158282.882165 0.347317 -0.328820 0.016815 -0.007809 0.023044 0.646600 0.762441
4158282.981966 0.324933 -0.344805 0.026714 -0.006489 0.023287 0.644393 0.764312
4158283.082081 0.346974 -0.347938 0.021793 -0.005215 0.022706 0.642560 0.765881
4158283.182013 0.355402 -0.344305 -0.002989 -0.006681 0.021934 0.640039 0.768000
4158283.282078 0.349531 -0.301688 -0.031957 -0.010245 0.017703 0.636030 0.771393
