# index color_stamp_ns depth_stamp_ns abs_dt_ns
0 4158181051933026 4158181051933026 0
1 4158181122315998 4158181122315998 0
2 4158181192535250 4158181192535250 0
3 4158181262589873 4158181262589873 0
4 4158181332479867 4158181332479867 0
5 4158181403165102 4158181403165102 0
6 4158181473856295 4158181473856295 0
7 4158181544554504 4158181544554504 0
8 4158181615287685 4158181615287685 0
9 4158181686026973 4158181686026973 0
10 4158181755480636 4158181755480636 0
11 4158181824755359 4158181824755359 0
12 4158181893851142 4158181893851142 0
13 4158181962477769 4158181962477769 0
14 4158182030885294 4158182030885294 0
15 4158182701861940 4158182701861940 0
16 4158182767435812 4158182767435812 0
17 4158182832748413 4158182832748413 0
18 4158182897799743 4158182897799743 0
19 4158182962589800 4158182962589800 0
20 4158183027118587 4158183027118587 0
21 4158183091386103 4158183091386103 0
22 4158183155393304 4158183155393304 0
23 4158183219138272 4158183219138272 0
24 4158183282621969 4158183282621969 0
25 4158183345844395 4158183345844395 0
26 4158183408805550 4158183408805550 0
27 4158183471505434 4158183471505434 0
28 4158183534011615 4158183534011615 0
29 4158183601462165 4158183601462165 0
30 4158183668191964 4158183668191964 0
31 4158184333224481 4158184333224481 0
32 4158184399501987 4158184399501987 0
33 4158184465738467 4158184465738467 0
34 4158184531933920 4158184531933920 0
35 4158184598101608 4158184598101608 0
36 4158184663966795 4158184663966795 0
37 4158184729764280 4158184729764280 0
38 4158184795492089 4158184795492089 0
39 4158184861151210 4158184861151210 0
40 4158184926741643 4158184926741643 0
41 4158184992263387 4158184992263387 0
42 4158185057716443 4158185057716443 0
43 4158185123100810 4158185123100810 0
44 4158185188416489 4158185188416489 0
45 4158185253664457 4158185253664457 0
46 4158185916015691 4158185916015691 0
47 4158185983713706 4158185983713706 0
48 4158186051441518 4158186051441518 0
49 4158186119199130 4158186119199130 0
50 4158186186986540 4158186186986540 0
51 4158186254803747 4158186254803747 0
52 4158186322651770 4158186322651770 0
53 4158186390528575 4158186390528575 0
54 4158186458435178 4158186458435178 0
55 4158186526371580 4158186526371580 0
56 4158186594337779 4158186594337779 0
57 4158186662318544 4158186662318544 0
58 4158186728524900 4158186728524900 0
59 4158186794711662 4158186794711662 0
60 4158186860879822 4158186860879822 0
61 4158187521474827 4158187521474827 0
62 4158187587426462 4158187587426462 0
63 4158187653368788 4158187653368788 0
64 4158187719736900 4158187719736900 0
65 4158187786095162 4158187786095162 0
66 4158187852443574 4158187852443574 0
67 4158187918783128 4158187918783128 0
68 4158187985111838 4158187985111838 0
69 4158188051430698 4158188051430698 0
70 4158188117739707 4158188117739707 0
71 4158188184038865 4158188184038865 0
72 4158188250328173 4158188250328173 0
73 4158188316607630 4158188316607630 0
74 4158188382877237 4158188382877237 0
75 4158188449137986 4158188449137986 0
76 4158189112428612 4158189112428612 0
77 4158189178680710 4158189178680710 0
78 4158189244929112 4158189244929112 0
79 4158189311522063 4158189311522063 0
80 4158189378115013 4158189378115013 0
81 4158189444707963 4158189444707963 0
82 4158189511301911 4158189511301911 0
83 4158189577894862 4158189577894862 0
84 4158189644487812 4158189644487812 0
85 4158189711025437 4158189711025437 0
86 4158189777560122 4158189777560122 0
87 4158189844091867 4158189844091867 0
88 4158189910620671 4158189910620671 0
89 4158189977146534 4158189977146534 0
90 4158190043670455 4158190043670455 0
91 4158190110190437 4158190110190437 0
92 4158190775780142 4158190775780142 0
93 4158190842555884 4158190842555884 0
94 4158190909337550 4158190909337550 0
95 4158190976125140 4158190976125140 0
96 4158191042918655 4158191042918655 0
97 4158191109719095 4158191109719095 0
98 4158191176524458 4158191176524458 0
99 4158191243335746 4158191243335746 0
100 4158191310152958 4158191310152958 0
101 4158191376976094 4158191376976094 0
102 4158191443805154 4158191443805154 0
103 4158191510640139 4158191510640139 0
104 4158191577481049 4158191577481049 0
105 4158191644325802 4158191644325802 0
106 4158191711129582 4158191711129582 0
107 4158192379507913 4158192379507913 0
108 4158192446379600 4158192446379600 0
109 4158192513257460 4158192513257460 0
110 4158192580141494 4158192580141494 0
111 4158192647028660 4158192647028660 0
112 4158192713660936 4158192713660936 0
113 4158192780290829 4158192780290829 0
114 4158192846919339 4158192846919339 0
115 4158192913546463 4158192913546463 0
116 4158192980172204 4158192980172204 0
117 4158193046796561 4158193046796561 0
118 4158193113419533 4158193113419533 0
119 4158193180041121 4158193180041121 0
120 4158193246662323 4158193246662323 0
121 4158193913625630 4158193913625630 0
122 4158193980317656 4158193980317656 0
123 4158194047010136 4158194047010136 0
124 4158194113703069 4158194113703069 0
125 4158194180395942 4158194180395942 0
126 4158194247055371 4158194247055371 0
127 4158194313715800 4158194313715800 0
128 4158194380375230 4158194380375230 0
129 4158194447034659 4158194447034659 0
130 4158194513694089 4158194513694089 0
131 4158194580353519 4158194580353519 0
132 4158194647012949 4158194647012949 0
133 4158194714039690 4158194714039690 0
134 4158194780777819 4158194780777819 0
135 4158195448173267 4158195448173267 0
136 4158195514845843 4158195514845843 0
137 4158195581518419 4158195581518419 0
138 4158195648190995 4158195648190995 0
139 4158195715102606 4158195715102606 0
140 4158195781899490 4158195781899490 0
141 4158195848699644 4158195848699644 0
142 4158195915504066 4158195915504066 0
143 4158195982310756 4158195982310756 0
144 4158196049120713 4158196049120713 0
145 4158196115933938 4158196115933938 0
146 4158196182750431 4158196182750431 0
147 4158196249570192 4158196249570192 0
148 4158196316393221 4158196316393221 0
149 4158196383219519 4158196383219519 0
150 4158197050159608 4158197050159608 0
151 4158197116877501 4158197116877501 0
152 4158197183595742 4158197183595742 0
153 4158197250313921 4158197250313921 0
154 4158197317005441 4158197317005441 0
155 4158197383696960 4158197383696960 0
156 4158197450388480 4158197450388480 0
157 4158197517080999 4158197517080999 0
158 4158197583772519 4158197583772519 0
159 4158197650464039 4158197650464039 0
160 4158197717098372 4158197717098372 0
161 4158197783773789 4158197783773789 0
162 4158197850448483 4158197850448483 0
163 4158197917122451 4158197917122451 0
164 4158197983795695 4158197983795695 0
165 4158198650548658 4158198650548658 0
166 4158198717217566 4158198717217566 0
167 4158198783885642 4158198783885642 0
168 4158198850552856 4158198850552856 0
169 4158198917219206 4158198917219206 0
170 4158198983884695 4158198983884695 0
171 4158199050549319 4158199050549319 0
172 4158199117214081 4158199117214081 0
173 4158199183876980 4158199183876980 0
174 4158199250539017 4158199250539017 0
175 4158199317200191 4158199317200191 0
176 4158199383860502 4158199383860502 0
177 4158199450519951 4158199450519951 0
178 4158199517178536 4158199517178536 0
179 4158199583836259 4158199583836259 0
180 4158200250383255 4158200250383255 0
181 4158200317030110 4158200317030110 0
182 4158200383702560 4158200383702560 0
183 4158200450375010 4158200450375010 0
184 4158200517047461 4158200517047461 0
185 4158200583719911 4158200583719911 0
186 4158200650392361 4158200650392361 0
187 4158200717040102 4158200717040102 0
188 4158200783702123 4158200783702123 0
189 4158200850363215 4158200850363215 0
190 4158200917023374 4158200917023374 0
191 4158200983682602 4158200983682602 0
192 4158201050340899 4158201050340899 0
193 4158201116998264 4158201116998264 0
194 4158201784189860 4158201784189860 0
195 4158201851167398 4158201851167398 0
196 4158201918152025 4158201918152025 0
197 4158201985143742 4158201985143742 0
198 4158202052142548 4158202052142548 0
199 4158202119148444 4158202119148444 0
200 4158202186161430 4158202186161430 0
201 4158202253181505 4158202253181505 0
202 4158202320209675 4158202320209675 0
203 4158202387243929 4158202387243929 0
204 4158202454285273 4158202454285273 0
205 4158202521333707 4158202521333707 0
206 4158202588389230 4158202588389230 0
207 4158202655447275 4158202655447275 0
208 4158202722163500 4158202722163500 0
209 4158203389325262 4158203389325262 0
210 4158203456040989 4158203456040989 0
211 4158203522756670 4158203522756670 0
212 4158203589472306 4158203589472306 0
213 4158203656187932 4158203656187932 0
214 4158203722909615 4158203722909615 0
215 4158203789628249 4158203789628249 0
216 4158203856346870 4158203856346870 0
217 4158203923066480 4158203923066480 0
218 4158203989785077 4158203989785077 0
219 4158204056503661 4158204056503661 0
220 4158204123222235 4158204123222235 0
221 4158204189940796 4158204189940796 0
222 4158204256659345 4158204256659345 0
223 4158204923823069 4158204923823069 0
224 4158204990536972 4158204990536972 0
225 4158205057249838 4158205057249838 0
226 4158205123962668 4158205123962668 0
227 4158205190675461 4158205190675461 0
228 4158205257388217 4158205257388217 0
229 4158205324100936 4158205324100936 0
230 4158205390813620 4158205390813620 0
231 4158205457526266 4158205457526266 0
232 4158205524239875 4158205524239875 0
233 4158205590952448 4158205590952448 0
234 4158205657665055 4158205657665055 0
235 4158205724400260 4158205724400260 0
236 4158205791117408 4158205791117408 0
237 4158206458291143 4158206458291143 0
238 4158206525009186 4158206525009186 0
239 4158206591728229 4158206591728229 0
240 4158206658446271 4158206658446271 0
241 4158206725164314 4158206725164314 0
242 4158206791892076 4158206791892076 0
243 4158206858619962 4158206858619962 0
244 4158206925347973 4158206925347973 0
245 4158206992076108 4158206992076108 0
246 4158207058804367 4158207058804367 0
247 4158207125533751 4158207125533751 0
248 4158207192262259 4158207192262259 0
249 4158207859523269 4158207859523269 0
250 4158207926237001 4158207926237001 0
251 4158207992950686 4158207992950686 0
252 4158208059664325 4158208059664325 0
253 4158208126377916 4158208126377916 0
254 4158208193092461 4158208193092461 0
255 4158208259805959 4158208259805959 0
256 4158208326519410 4158208326519410 0
257 4158208393232814 4158208393232814 0
258 4158208459946171 4158208459946171 0
259 4158208526659481 4158208526659481 0
260 4158208593372745 4158208593372745 0
261 4158208660085961 4158208660085961 0
262 4158208726800203 4158208726800203 0
263 4158208793519474 4158208793519474 0
264 4158209460713261 4158209460713261 0
265 4158209527432547 4158209527432547 0
266 4158209594151836 4158209594151836 0
267 4158209660871126 4158209660871126 0
268 4158209727590409 4158209727590409 0
269 4158209794307332 4158209794307332 0
270 4158209861023205 4158209861023205 0
271 4158209927739028 4158209927739028 0
272 4158209994454802 4158209994454802 0
273 4158210061170525 4158210061170525 0
274 4158210127886198 4158210127886198 0
275 4158210194601822 4158210194601822 0
276 4158210261317396 4158210261317396 0
277 4158210328033919 4158210328033919 0
278 4158210394749393 4158210394749393 0
279 4158210461464817 4158210461464817 0
280 4158211128620225 4158211128620225 0
281 4158211195335635 4158211195335635 0
282 4158211262051012 4158211262051012 0
283 4158211328766354 4158211328766354 0
284 4158211395482664 4158211395482664 0
285 4158211462197938 4158211462197938 0
286 4158211528913180 4158211528913180 0
287 4158211595628387 4158211595628387 0
288 4158211662343561 4158211662343561 0
289 4158211729058739 4158211729058739 0
290 4158211795776041 4158211795776041 0
291 4158211862493339 4158211862493339 0
292 4158211929211632 4158211929211632 0
293 4158211995928922 4158211995928922 0
294 4158212663102607 4158212663102607 0
295 4158212729819865 4158212729819865 0
296 4158212796535559 4158212796535559 0
297 4158212863251206 4158212863251206 0
298 4158212929966804 4158212929966804 0
299 4158212996683354 4158212996683354 0
300 4158213063398857 4158213063398857 0
301 4158213130114311 4158213130114311 0
302 4158213196829718 4158213196829718 0
303 4158213263545076 4158213263545076 0
304 4158213330260387 4158213330260387 0
305 4158213396975649 4158213396975649 0
306 4158213463690863 4158213463690863 0
307 4158213530407029 4158213530407029 0
308 4158213597122147 4158213597122147 0
309 4158214264302639 4158214264302639 0
310 4158214331021438 4158214331021438 0
311 4158214397740265 4158214397740265 0
312 4158214464459121 4158214464459121 0
313 4158214531178005 4158214531178005 0
314 4158214597897918 4158214597897918 0
315 4158214664616860 4158214664616860 0
316 4158214731335814 4158214731335814 0
317 4158214798053854 4158214798053854 0
318 4158214864771903 4158214864771903 0
319 4158214931489962 4158214931489962 0
320 4158214998208030 4158214998208030 0
321 4158215064926107 4158215064926107 0
322 4158215131645194 4158215131645194 0
323 4158215198363289 4158215198363289 0
324 4158215865549046 4158215865549046 0
325 4158215932268948 4158215932268948 0
326 4158215998988898 4158215998988898 0
327 4158216065708896 4158216065708896 0
328 4158216132428942 4158216132428942 0
329 4158216199150035 4158216199150035 0
330 4158216265870176 4158216265870176 0
331 4158216332590366 4158216332590366 0
332 4158216399310603 4158216399310603 0
333 4158216466030888 4158216466030888 0
334 4158216532751221 4158216532751221 0
335 4158216599471601 4158216599471601 0
336 4158216666192030 4158216666192030 0
337 4158217333363580 4158217333363580 0
338 4158217400079955 4158217400079955 0
339 4158217466796292 4158217466796292 0
340 4158217533512591 4158217533512591 0
341 4158217600228852 4158217600228852 0
342 4158217666945074 4158217666945074 0
343 4158217733661281 4158217733661281 0
344 4158217800377870 4158217800377870 0
345 4158217867093409 4158217867093409 0
346 4158217933808899 4158217933808899 0
347 4158218000524338 4158218000524338 0
348 4158218067239726 4158218067239726 0
349 4158218133955065 4158218133955065 0
350 4158218801109492 4158218801109492 0
351 4158218867828089 4158218867828089 0
352 4158218934995153 4158218934995153 0
353 4158219002167947 4158219002167947 0
354 4158219069346469 4158219069346469 0
355 4158219136530720 4158219136530720 0
356 4158219203720700 4158219203720700 0
357 4158219270916409 4158219270916409 0
358 4158219338117847 4158219338117847 0
359 4158219405326021 4158219405326021 0
360 4158219472538917 4158219472538917 0
361 4158219539757542 4158219539757542 0
362 4158219606981895 4158219606981895 0
363 4158220274859790 4158220274859790 0
364 4158220341729997 4158220341729997 0
365 4158220408601768 4158220408601768 0
366 4158220475474313 4158220475474313 0
367 4158220542229398 4158220542229398 0
368 4158220608984483 4158220608984483 0
369 4158220675739568 4158220675739568 0
370 4158220742494653 4158220742494653 0
371 4158220809249738 4158220809249738 0
372 4158220876004823 4158220876004823 0
373 4158220942441289 4158220942441289 0
374 4158221009115847 4158221009115847 0
375 4158221075788641 4158221075788641 0
376 4158221142460672 4158221142460672 0
377 4158221209131939 4158221209131939 0
378 4158221275802444 4158221275802444 0
379 4158221942404563 4158221942404563 0
380 4158222009057077 4158222009057077 0
381 4158222075709639 4158222075709639 0
382 4158222142360251 4158222142360251 0
383 4158222209009914 4158222209009914 0
384 4158222275658626 4158222275658626 0
385 4158222342306388 4158222342306388 0
386 4158222408953199 4158222408953199 0
387 4158222475600533 4158222475600533 0
388 4158222542343915 4158222542343915 0
389 4158222609088297 4158222609088297 0
390 4158222675831678 4158222675831678 0
391 4158222742575060 4158222742575060 0
392 4158222809318442 4158222809318442 0
393 4158222876061823 4158222876061823 0
394 4158222942741123 4158222942741123 0
395 4158223009419791 4158223009419791 0
396 4158223676173691 4158223676173691 0
397 4158223742845404 4158223742845404 0
398 4158223809516485 4158223809516485 0
399 4158223876187834 4158223876187834 0
400 4158223942855303 4158223942855303 0
401 4158224009523445 4158224009523445 0
402 4158224076190742 4158224076190742 0
403 4158224142857193 4158224142857193 0
404 4158224209523799 4158224209523799 0
405 4158224276188560 4158224276188560 0
406 4158224342852477 4158224342852477 0
407 4158224409515548 4158224409515548 0
408 4158224476177775 4158224476177775 0
409 4158224542839156 4158224542839156 0
410 4158224609499693 4158224609499693 0
411 4158224676159384 4158224676159384 0
412 4158224742819230 4158224742819230 0
413 4158225409631658 4158225409631658 0
414 4158225476306068 4158225476306068 0
415 4158225542979802 4158225542979802 0
416 4158225609652857 4158225609652857 0
417 4158225676325235 4158225676325235 0
418 4158225742996935 4158225742996935 0
419 4158225809668957 4158225809668957 0
420 4158225876340058 4158225876340058 0
421 4158225943013041 4158225943013041 0
422 4158226009683139 4158226009683139 0
423 4158226076352436 4158226076352436 0
424 4158226143020930 4158226143020930 0
425 4158226209688623 4158226209688623 0
426 4158226276355514 4158226276355514 0
427 4158226343022603 4158226343022603 0
428 4158226409687891 4158226409687891 0
429 4158226476352376 4158226476352376 0
430 4158227143155885 4158227143155885 0
431 4158227209830875 4158227209830875 0
432 4158227276505137 4158227276505137 0
433 4158227343178672 4158227343178672 0
434 4158227409852478 4158227409852478 0
435 4158227476524557 4158227476524557 0
436 4158227543195910 4158227543195910 0
437 4158227609866534 4158227609866534 0
438 4158227676536432 4158227676536432 0
439 4158227743205601 4158227743205601 0
440 4158227809874043 4158227809874043 0
441 4158227876542406 4158227876542406 0
442 4158227943186184 4158227943186184 0
443 4158228009847045 4158228009847045 0
444 4158228676464682 4158228676464682 0
445 4158228743175726 4158228743175726 0
446 4158228809886769 4158228809886769 0
447 4158228876597813 4158228876597813 0
448 4158228943234317 4158228943234317 0
449 4158229009907941 4158229009907941 0
450 4158229076579777 4158229076579777 0
451 4158229143250825 4158229143250825 0
452 4158229209921084 4158229209921084 0
453 4158229276590554 4158229276590554 0
454 4158229343259235 4158229343259235 0
455 4158229409927128 4158229409927128 0
456 4158229476594232 4158229476594232 0
457 4158229543261547 4158229543261547 0
458 4158229609927073 4158229609927073 0
459 4158230276645933 4158230276645933 0
460 4158230343313124 4158230343313124 0
461 4158230409979503 4158230409979503 0
462 4158230476645068 4158230476645068 0
463 4158230543309818 4158230543309818 0
464 4158230609974755 4158230609974755 0
465 4158230676637877 4158230676637877 0
466 4158230743300186 4158230743300186 0
467 4158230809961682 4158230809961682 0
468 4158230876622873 4158230876622873 0
469 4158230943328424 4158230943328424 0
470 4158231009998839 4158231009998839 0
471 4158231076668366 4158231076668366 0
472 4158231143338006 4158231143338006 0
473 4158231210005761 4158231210005761 0
474 4158231876737518 4158231876737518 0
475 4158231943413994 4158231943413994 0
476 4158232010089738 4158232010089738 0
477 4158232076764720 4158232076764720 0
478 4158232143438939 4158232143438939 0
479 4158232210113394 4158232210113394 0
480 4158232276786088 4158232276786088 0
481 4158232343458019 4158232343458019 0
482 4158232410129187 4158232410129187 0
483 4158232476799592 4158232476799592 0
484 4158232543469234 4158232543469234 0
485 4158232610138114 4158232610138114 0
486 4158232676806231 4158232676806231 0
487 4158233343518441 4158233343518441 0
488 4158233410188172 4158233410188172 0
489 4158233476857116 4158233476857116 0
490 4158233543525276 4158233543525276 0
491 4158233610192650 4158233610192650 0
492 4158233676859239 4158233676859239 0
493 4158233743525042 4158233743525042 0
494 4158233810191059 4158233810191059 0
495 4158233876855531 4158233876855531 0
496 4158233943527894 4158233943527894 0
497 4158234010199419 4158234010199419 0
498 4158234076870105 4158234076870105 0
499 4158234143539953 4158234143539953 0
500 4158234210208963 4158234210208963 0
501 4158234276877135 4158234276877135 0
502 4158234943768819 4158234943768819 0
503 4158235010687674 4158235010687674 0
504 4158235077612172 4158235077612172 0
505 4158235144542314 4158235144542314 0
506 4158235211478098 4158235211478098 0
507 4158235278419527 4158235278419527 0
508 4158235345366599 4158235345366599 0
509 4158235412320318 4158235412320318 0
510 4158235479278677 4158235479278677 0
511 4158235546242680 4158235546242680 0
512 4158235613212326 4158235613212326 0
513 4158235680187616 4158235680187616 0
514 4158235747168549 4158235747168549 0
515 4158235814155126 4158235814155126 0
516 4158235881143182 4158235881143182 0
517 4158235947862873 4158235947862873 0
518 4158236615051782 4158236615051782 0
519 4158236681770673 4158236681770673 0
520 4158236748489582 4158236748489582 0
521 4158236815208510 4158236815208510 0
522 4158236881927445 4158236881927445 0
523 4158236948645990 4158236948645990 0
524 4158237015365763 4158237015365763 0
525 4158237082084556 4158237082084556 0
526 4158237148803371 4158237148803371 0
527 4158237215522207 4158237215522207 0
528 4158237282241065 4158237282241065 0
529 4158237348959943 4158237348959943 0
530 4158237415678843 4158237415678843 0
531 4158237482397764 4158237482397764 0
532 4158237549117706 4158237549117706 0
533 4158238216306718 4158238216306718 0
534 4158238283025438 4158238283025438 0
535 4158238349744148 4158238349744148 0
536 4158238416462849 4158238416462849 0
537 4158238483181541 4158238483181541 0
538 4158238549900224 4158238549900224 0
539 4158238616619897 4158238616619897 0
540 4158238683338561 4158238683338561 0
541 4158238750057216 4158238750057216 0
542 4158238816775861 4158238816775861 0
543 4158238883494492 4158238883494492 0
544 4158238950215154 4158238950215154 0
545 4158239016934297 4158239016934297 0
546 4158239083653439 4158239083653439 0
547 4158239150373579 4158239150373579 0
548 4158239817564091 4158239817564091 0
549 4158239884282323 4158239884282323 0
550 4158239951007909 4158239951007909 0
551 4158240017733568 4158240017733568 0
552 4158240084459313 4158240084459313 0
553 4158240151185146 4158240151185146 0
554 4158240217912065 4158240217912065 0
555 4158240284638071 4158240284638071 0
556 4158240351364164 4158240351364164 0
557 4158240418090343 4158240418090343 0
558 4158240484816610 4158240484816610 0
559 4158240551542963 4158240551542963 0
560 4158240618269403 4158240618269403 0
561 4158240684995930 4158240684995930 0
562 4158240751723544 4158240751723544 0
563 4158241418851900 4158241418851900 0
564 4158241485567654 4158241485567654 0
565 4158241552283425 4158241552283425 0
566 4158241619001912 4158241619001912 0
567 4158241685720400 4158241685720400 0
568 4158241752438888 4158241752438888 0
569 4158241819158376 4158241819158376 0
570 4158241885876863 4158241885876863 0
571 4158241952593836 4158241952593836 0
572 4158242019311835 4158242019311835 0
573 4158242086029842 4158242086029842 0
574 4158242152747857 4158242152747857 0
575 4158242219465880 4158242219465880 0
576 4158242286183911 4158242286183911 0
577 4158242352902950 4158242352902950 0
578 4158243020080660 4158243020080660 0
579 4158243086796225 4158243086796225 0
580 4158243153511765 4158243153511765 0
581 4158243220227281 4158243220227281 0
582 4158243286942771 4158243286942771 0
583 4158243353658236 4158243353658236 0
584 4158243420374676 4158243420374676 0
585 4158243487090091 4158243487090091 0
586 4158243553805481 4158243553805481 0
587 4158243620520846 4158243620520846 0
588 4158243687236186 4158243687236186 0
589 4158243753951501 4158243753951501 0
590 4158243820666790 4158243820666790 0
591 4158243887382096 4158243887382096 0
592 4158243954120782 4158243954120782 0
593 4158244621321059 4158244621321059 0
594 4158244688039613 4158244688039613 0
595 4158244754758166 4158244754758166 0
596 4158244821476720 4158244821476720 0
597 4158244888195274 4158244888195274 0
598 4158244954905194 4158244954905194 0
599 4158245021620332 4158245021620332 0
600 4158245088334400 4158245088334400 0
601 4158245155048399 4158245155048399 0
602 4158245221762330 4158245221762330 0
603 4158245288476191 4158245288476191 0
604 4158245355189984 4158245355189984 0
605 4158245421903707 4158245421903707 0
606 4158245488617362 4158245488617362 0
607 4158245555331946 4158245555331946 0
608 4158246222475549 4158246222475549 0
609 4158246289188521 4158246289188521 0
610 4158246355901401 4158246355901401 0
611 4158246422614189 4158246422614189 0
612 4158246489326884 4158246489326884 0
613 4158246556039488 4158246556039488 0
614 4158246622752999 4158246622752999 0
615 4158246689465418 4158246689465418 0
616 4158246756177745 4158246756177745 0
617 4158246822889981 4158246822889981 0
618 4158246889602124 4158246889602124 0
619 4158246956314245 4158246956314245 0
620 4158247023044788 4158247023044788 0
621 4158247089775515 4158247089775515 0
622 4158247156507426 4158247156507426 0
623 4158247223238522 4158247223238522 0
624 4158247890560600 4158247890560600 0
625 4158247957293530 4158247957293530 0
626 4158248024010334 4158248024010334 0
627 4158248090727126 4158248090727126 0
628 4158248157443906 4158248157443906 0
629 4158248224161676 4158248224161676 0
630 4158248290878433 4158248290878433 0
631 4158248357595179 4158248357595179 0
632 4158248424311913 4158248424311913 0
633 4158248491028636 4158248491028636 0
634 4158248557745347 4158248557745347 0
635 4158248624462046 4158248624462046 0
636 4158248691178734 4158248691178734 0
637 4158248757896410 4158248757896410 0
638 4158248824613075 4158248824613075 0
639 4158248891329728 4158248891329728 0
640 4158248958046395 4158248958046395 0
641 4158249024762238 4158249024762238 0
642 4158249091478054 4158249091478054 0
643 4158249758635767 4158249758635767 0
644 4158249825352294 4158249825352294 0
645 4158249892067794 4158249892067794 0
646 4158249958783307 4158249958783307 0
647 4158250025497766 4158250025497766 0
648 4158250092212183 4158250092212183 0
649 4158250158926561 4158250158926561 0
650 4158250225640898 4158250225640898 0
651 4158250292355194 4158250292355194 0
652 4158250359070449 4158250359070449 0
653 4158250425784664 4158250425784664 0
654 4158250492498838 4158250492498838 0
655 4158250559212971 4158250559212971 0
656 4158250625927064 4158250625927064 0
657 4158250692641116 4158250692641116 0
658 4158250759355128 4158250759355128 0
659 4158250826069098 4158250826069098 0
660 4158250892784028 4158250892784028 0
661 4158250959497974 4158250959497974 0
662 4158251026213110 4158251026213110 0
663 4158251092928188 4158251092928188 0
664 4158251760076762 4158251760076762 0
665 4158251826791199 4158251826791199 0
666 4158251893505577 4158251893505577 0
667 4158251960220942 4158251960220942 0
668 4158252026983523 4158252026983523 0
669 4158252093746671 4158252093746671 0
670 4158252160510387 4158252160510387 0
671 4158252227274671 4158252227274671 0
672 4158252294039521 4158252294039521 0
673 4158252360804940 4158252360804940 0
674 4158252427570925 4158252427570925 0
675 4158252494338479 4158252494338479 0
676 4158252561105601 4158252561105601 0
677 4158252627873288 4158252627873288 0
678 4158252694641545 4158252694641545 0
679 4158252761410369 4158252761410369 0
680 4158252828179759 4158252828179759 0
681 4158252894949717 4158252894949717 0
682 4158252961719603 4158252961719603 0
683 4158253028442555 4158253028442555 0
684 4158253699801649 4158253699801649 0
685 4158253767011469 4158253767011469 0
686 4158253834226896 4158253834226896 0
687 4158253901447928 4158253901447928 0
688 4158253968674565 4158253968674565 0
689 4158254035906808 4158254035906808 0
690 4158254103139400 4158254103139400 0
691 4158254169807915 4158254169807915 0
692 4158254236475579 4158254236475579 0
693 4158254303142390 4158254303142390 0
694 4158254369808349 4158254369808349 0
695 4158254436473457 4158254436473457 0
696 4158254503137712 4158254503137712 0
697 4158254569801116 4158254569801116 0
698 4158254636464667 4158254636464667 0
699 4158254703126367 4158254703126367 0
700 4158254769787215 4158254769787215 0
701 4158254836447211 4158254836447211 0
702 4158254903106355 4158254903106355 0
703 4158254969764648 4158254969764648 0
704 4158255036422088 4158255036422088 0
705 4158255103080008 4158255103080008 0
706 4158255769759953 4158255769759953 0
707 4158255836423289 4158255836423289 0
708 4158255903085812 4158255903085812 0
709 4158255969747526 4158255969747526 0
710 4158256036408428 4158256036408428 0
711 4158256103069726 4158256103069726 0
712 4158256169746951 4158256169746951 0
713 4158256236424488 4158256236424488 0
714 4158256303100340 4158256303100340 0
715 4158256369775503 4158256369775503 0
716 4158256436449981 4158256436449981 0
717 4158256503123771 4158256503123771 0
718 4158256569796875 4158256569796875 0
719 4158256636469291 4158256636469291 0
720 4158256703141020 4158256703141020 0
721 4158256769813062 4158256769813062 0
722 4158256836483417 4158256836483417 0
723 4158257503175474 4158257503175474 0
724 4158257569841736 4158257569841736 0
725 4158257636507145 4158257636507145 0
726 4158257703171702 4158257703171702 0
727 4158257769835406 4158257769835406 0
728 4158257836499257 4158257836499257 0
729 4158257903161257 4158257903161257 0
730 4158257969822405 4158257969822405 0
731 4158258036482700 4158258036482700 0
732 4158258103143208 4158258103143208 0
733 4158258169816592 4158258169816592 0
734 4158258236489175 4158258236489175 0
735 4158258303160957 4158258303160957 0
736 4158258369832936 4158258369832936 0
737 4158258436503115 4158258436503115 0
738 4158258503172492 4158258503172492 0
739 4158258569841067 4158258569841067 0
740 4158258636508841 4158258636508841 0
741 4158259303177228 4158259303177228 0
742 4158259369847047 4158259369847047 0
743 4158259436517030 4158259436517030 0
744 4158259503185180 4158259503185180 0
745 4158259569852495 4158259569852495 0
746 4158259636518975 4158259636518975 0
747 4158259703184620 4158259703184620 0
748 4158259769849431 4158259769849431 0
749 4158259836513406 4158259836513406 0
750 4158259903176547 4158259903176547 0
751 4158259969839853 4158259969839853 0
752 4158260036501324 4158260036501324 0
753 4158260103162848 4158260103162848 0
754 4158260169833907 4158260169833907 0
755 4158260236504153 4158260236504153 0
756 4158260303173587 4158260303173587 0
757 4158260369842208 4158260369842208 0
758 4158260436510017 4158260436510017 0
759 4158260503178012 4158260503178012 0
760 4158260569844195 4158260569844195 0
761 4158261236481331 4158261236481331 0
762 4158261303147548 4158261303147548 0
763 4158261369812875 4158261369812875 0
764 4158261436477310 4158261436477310 0
765 4158261503140856 4158261503140856 0
766 4158261569804510 4158261569804510 0
767 4158261636466273 4158261636466273 0
768 4158261703127147 4158261703127147 0
769 4158261769787129 4158261769787129 0
770 4158261836446221 4158261836446221 0
771 4158261903104423 4158261903104423 0
772 4158261969761733 4158261969761733 0
773 4158262036418154 4158262036418154 0
774 4158262103075469 4158262103075469 0
775 4158262169744390 4158262169744390 0
776 4158262236412429 4158262236412429 0
777 4158262303079586 4158262303079586 0
778 4158262369745862 4158262369745862 0
779 4158262436411256 4158262436411256 0
780 4158263103018371 4158263103018371 0
781 4158263169695081 4158263169695081 0
782 4158263236370153 4158263236370153 0
783 4158263303044527 4158263303044527 0
784 4158263369718202 4158263369718202 0
785 4158263436391179 4158263436391179 0
786 4158263503063458 4158263503063458 0
787 4158263569735039 4158263569735039 0
788 4158263636405921 4158263636405921 0
789 4158263703077103 4158263703077103 0
790 4158263769746588 4158263769746588 0
791 4158263836415375 4158263836415375 0
792 4158263903083464 4158263903083464 0
793 4158263969750854 4158263969750854 0
794 4158264036417545 4158264036417545 0
795 4158264103084101 4158264103084101 0
796 4158264169755975 4158264169755975 0
797 4158264236428011 4158264236428011 0
798 4158264303098214 4158264303098214 0
799 4158264969755274 4158264969755274 0
800 4158265036416284 4158265036416284 0
801 4158265103076946 4158265103076946 0
802 4158265169748676 4158265169748676 0
803 4158265236419604 4158265236419604 0
804 4158265303090682 4158265303090682 0
805 4158265369759911 4158265369759911 0
806 4158265436428291 4158265436428291 0
807 4158265503095821 4158265503095821 0
808 4158265569762503 4158265569762503 0
809 4158265636428335 4158265636428335 0
810 4158265703093318 4158265703093318 0
811 4158265769757451 4158265769757451 0
812 4158265836421735 4158265836421735 0
813 4158265903084170 4158265903084170 0
814 4158265969745756 4158265969745756 0
815 4158266036406492 4158266036406492 0
816 4158266103066845 4158266103066845 0
817 4158266169737956 4158266169737956 0
818 4158266236408202 4158266236408202 0
819 4158266903065079 4158266903065079 0
820 4158266969725809 4158266969725809 0
821 4158267036385673 4158267036385673 0
822 4158267103045006 4158267103045006 0
823 4158267169709277 4158267169709277 0
824 4158267236372592 4158267236372592 0
825 4158267303034952 4158267303034952 0
826 4158267369696355 4158267369696355 0
827 4158267436357801 4158267436357801 0
828 4158267503017293 4158267503017293 0
829 4158267569675829 4158267569675829 0
830 4158267636333408 4158267636333408 0
831 4158267702990033 4158267702990033 0
832 4158267769645701 4158267769645701 0
833 4158267836300413 4158267836300413 0
834 4158267902954170 4158267902954170 0
835 4158267969607969 4158267969607969 0
836 4158268036259814 4158268036259814 0
837 4158268703132179 4158268703132179 0
838 4158268769822072 4158268769822072 0
839 4158268836511717 4158268836511717 0
840 4158268903201116 4158268903201116 0
841 4158268969890269 4158268969890269 0
842 4158269036580174 4158269036580174 0
843 4158269103268655 4158269103268655 0
844 4158269170182679 4158269170182679 0
845 4158269237102344 4158269237102344 0
846 4158269304027648 4158269304027648 0
847 4158269370958592 4158269370958592 0
848 4158269437895177 4158269437895177 0
849 4158269504837402 4158269504837402 0
850 4158269571786270 4158269571786270 0
851 4158269638739774 4158269638739774 0
852 4158269705698919 4158269705698919 0
853 4158269772663704 4158269772663704 0
854 4158269839634129 4158269839634129 0
855 4158270507892820 4158270507892820 0
856 4158270574613448 4158270574613448 0
857 4158270641335101 4158270641335101 0
858 4158270708055779 4158270708055779 0
859 4158270774776482 4158270774776482 0
860 4158270841497209 4158270841497209 0
861 4158270908217961 4158270908217961 0
862 4158270974938738 4158270974938738 0
863 4158271041659540 4158271041659540 0
864 4158271108380322 4158271108380322 0
865 4158271175098249 4158271175098249 0
866 4158271241818132 4158271241818132 0
867 4158271308538040 4158271308538040 0
868 4158271375257972 4158271375257972 0
869 4158271441977929 4158271441977929 0
870 4158271508697910 4158271508697910 0
871 4158272175885504 4158272175885504 0
872 4158272242599980 4158272242599980 0
873 4158272309313413 4158272309313413 0
874 4158272376026803 4158272376026803 0
875 4158272442740150 4158272442740150 0
876 4158272509453454 4158272509453454 0
877 4158272576166715 4158272576166715 0
878 4158272642879934 4158272642879934 0
879 4158272709593108 4158272709593108 0
880 4158272776307240 4158272776307240 0
881 4158272843020329 4158272843020329 0
882 4158272909733375 4158272909733375 0
883 4158272976446378 4158272976446378 0
884 4158273043159339 4158273043159339 0
885 4158273109872321 4158273109872321 0
886 4158273176589955 4158273176589955 0
887 4158273843769038 4158273843769038 0
888 4158273910486820 4158273910486820 0
889 4158273977204616 4158273977204616 0
890 4158274043922425 4158274043922425 0
891 4158274110640241 4158274110640241 0
892 4158274177354670 4158274177354670 0
893 4158274244070790 4158274244070790 0
894 4158274310786907 4158274310786907 0
895 4158274377504022 4158274377504022 0
896 4158274444220134 4158274444220134 0
897 4158274510936244 4158274510936244 0
898 4158274577652351 4158274577652351 0
899 4158274644368456 4158274644368456 0
900 4158274711084558 4158274711084558 0
901 4158274777800657 4158274777800657 0
902 4158274844516754 4158274844516754 0
903 4158275511698245 4158275511698245 0
904 4158275578417352 4158275578417352 0
905 4158275645136497 4158275645136497 0
906 4158275711855679 4158275711855679 0
907 4158275778574898 4158275778574898 0
908 4158275845294154 4158275845294154 0
909 4158275912013447 4158275912013447 0
910 4158275978733777 4158275978733777 0
911 4158276045453143 4158276045453143 0
912 4158276112172523 4158276112172523 0
913 4158276178882734 4158276178882734 0
914 4158276245599779 4158276245599779 0
915 4158276312316812 4158276312316812 0
916 4158276379033832 4158276379033832 0
917 4158276445750843 4158276445750843 0
918 4158276512468841 4158276512468841 0
919 4158277179638583 4158277179638583 0
920 4158277246353135 4158277246353135 0
921 4158277313067635 4158277313067635 0
922 4158277379782082 4158277379782082 0
923 4158277446496477 4158277446496477 0
924 4158277513210820 4158277513210820 0
925 4158277579926111 4158277579926111 0
926 4158277646640350 4158277646640350 0
927 4158277713354537 4158277713354537 0
928 4158277780068672 4158277780068672 0
929 4158277846782754 4158277846782754 0
930 4158277913496784 4158277913496784 0
931 4158277980210762 4158277980210762 0
932 4158278046924689 4158278046924689 0
933 4158278714144639 4158278714144639 0
934 4158278780864283 4158278780864283 0
935 4158278847581597 4158278847581597 0
936 4158278914298910 4158278914298910 0
937 4158278981016222 4158278981016222 0
938 4158279047733536 4158279047733536 0
939 4158279114450849 4158279114450849 0
940 4158279181167915 4158279181167915 0
941 4158279247884783 4158279247884783 0
942 4158279314601636 4158279314601636 0
943 4158279381318473 4158279381318473 0
944 4158279448035296 4158279448035296 0
945 4158279514752103 4158279514752103 0
946 4158279581468896 4158279581468896 0
947 4158280248640935 4158280248640935 0
948 4158280315358941 4158280315358941 0
949 4158280382076959 4158280382076959 0
950 4158280448794989 4158280448794989 0
951 4158280515513032 4158280515513032 0
952 4158280582231087 4158280582231087 0
953 4158280648949154 4158280648949154 0
954 4158280715667234 4158280715667234 0
955 4158280782386325 4158280782386325 0
956 4158280849104430 4158280849104430 0
957 4158280915822546 4158280915822546 0
958 4158280982540675 4158280982540675 0
959 4158281049258815 4158281049258815 0
960 4158281115976968 4158281115976968 0
961 4158281783177792 4158281783177792 0
962 4158281849899212 4158281849899212 0
963 4158281916619679 4158281916619679 0
964 4158281983340193 4158281983340193 0
965 4158282050060753 4158282050060753 0
966 4158282116781361 4158282116781361 0
967 4158282183501976 4158282183501976 0
968 4158282250225671 4158282250225671 0
969 4158282316949464 4158282316949464 0
970 4158282383674355 4158282383674355 0
971 4158282450398343 4158282450398343 0
972 4158282517122429 4158282517122429 0
973 4158282583846612 4158282583846612 0
974 4158282650570894 4158282650570894 0
